-1.0 -1.1547005383792515 0.16240620021666657 0.16240628218888875
-1.0 -0.9622504486493763 0.24787605970833346 0.24787617465555536
-1.0 -0.769800358919501 0.6565622638083318 0.6565623815722212
-1.0 -0.5773502691896257 0.6567565360833342 0.6567566520222227
-1.0 -0.3849001794597505 0.6565622638083319 0.6565623815722209
-1.0 -0.19245008972987526 0.24787605970833365 0.24787617465555545
-1.0 0.0 0.16240620021666657 0.16240628218888875
-1.0 0.19245008972987526 0.2478760597083336 0.24787617465555545
-1.0 0.3849001794597505 0.6565622638083322 0.6565623815722211
-1.0 0.5773502691896257 0.6567565360833342 0.6567566520222227
-1.0 0.769800358919501 0.6565622638083318 0.6565623815722209
-1.0 0.9622504486493763 0.2478760597083336 0.24787617465555528
-1.0 1.1547005383792515 0.16240620021666657 0.16240628218888875
-0.8333333333333334 -1.1547005383792515 0.15518721524328813 0.1551873023477707
-0.8333333333333334 -0.9622504486493763 0.20147991745289345 0.201480000272755
-0.8333333333333334 -0.769800358919501 0.6510747346549567 0.6510748352630634
-0.8333333333333334 -0.5773502691896257 0.6512713210011565 0.6512713751966748
-0.8333333333333334 -0.3849001794597505 0.6510707956748842 0.6510708811216901
-0.8333333333333334 -0.19245008972987526 0.2014154343061546 0.20141552079804712
-0.8333333333333334 0.0 0.155187215243288 0.15518730234777084
-0.8333333333333334 0.19245008972987526 0.20147991745289334 0.20148000027275478
-0.8333333333333334 0.3849001794597505 0.6510747346549565 0.6510748352630634
-0.8333333333333334 0.5773502691896257 0.6512713210011564 0.6512713751966749
-0.8333333333333334 0.769800358919501 0.6510707956748842 0.6510708811216899
-0.8333333333333334 0.9622504486493763 0.20141543430615455 0.20141552079804714
-0.8333333333333334 1.1547005383792515 0.155187215243288 0.15518730234777092
-0.6666666666666666 -1.1547005383792515 0.14508281450000032 0.14508283052222248
-0.6666666666666666 -0.9622504486493763 0.16319331830833347 0.16319333748888873
-0.6666666666666666 -0.769800358919501 0.37853490729166567 0.37853490640555476
-0.6666666666666666 -0.5773502691896257 0.44584810263333324 0.44584814168888837
-0.6666666666666666 -0.3849001794597505 0.37842507020833216 0.37842511790555444
-0.6666666666666666 -0.19245008972987526 0.16323556539166675 0.16323562765555572
-0.6666666666666666 0.0 0.1450828145000003 0.14508283052222248
-0.6666666666666666 0.19245008972987526 0.1631933183083334 0.16319333748888876
-0.6666666666666666 0.3849001794597505 0.37853490729166567 0.3785349064055549
-0.6666666666666666 0.5773502691896257 0.4458481026333328 0.44584814168888803
-0.6666666666666666 0.769800358919501 0.3784250702083321 0.3784251179055546
-0.6666666666666666 0.9622504486493763 0.16323556539166667 0.16323562765555563
-0.6666666666666666 1.1547005383792515 0.14508281450000032 0.14508283052222232
-0.5 -1.1547005383792515 0.16647219437222235 0.16647218977222247
-0.5 -0.9622504486493763 0.1668249083331378 0.16682491275280445
-0.5 -0.769800358919501 0.16682490833313762 0.16682491275280434
-0.5 -0.5773502691896257 0.16647219437222224 0.16647218977222233
-0.5 -0.3849001794597505 0.16686450896130645 0.16686449747497348
-0.5 -0.19245008972987526 0.16686450896130645 0.1668644974749735
-0.5 0.0 0.16647219437222213 0.16647218977222228
-0.5 0.19245008972987526 0.16682490833313773 0.1668249127528044
-0.5 0.3849001794597505 0.16682490833313768 0.1668249127528043
-0.5 0.5773502691896257 0.1664721943722222 0.16647218977222233
-0.5 0.769800358919501 0.16686450896130645 0.16686449747497345
-0.5 0.9622504486493763 0.16686450896130645 0.16686449747497345
-0.5 1.1547005383792515 0.16647219437222224 0.1664721897722224
-0.3333333333333333 -1.1547005383792515 0.4458481026333328 0.4458481416888882
-0.3333333333333333 -0.9622504486493763 0.3785349072916665 0.3785349064055554
-0.3333333333333333 -0.769800358919501 0.16319331830833336 0.1631933374888887
-0.3333333333333333 -0.5773502691896257 0.14508281450000002 0.14508283052222212
-0.3333333333333333 -0.3849001794597505 0.1632355653916667 0.1632356276555556
-0.3333333333333333 -0.19245008972987526 0.3784250702083323 0.37842511790555494
-0.3333333333333333 0.0 0.4458481026333335 0.4458481416888887
-0.3333333333333333 0.19245008972987526 0.37853490729166606 0.37853490640555526
-0.3333333333333333 0.3849001794597505 0.1631933183083335 0.1631933374888888
-0.3333333333333333 0.5773502691896257 0.14508281450000002 0.1450828305222223
-0.3333333333333333 0.769800358919501 0.16323556539166673 0.16323562765555566
-0.3333333333333333 0.9622504486493763 0.37842507020833294 0.37842511790555516
-0.3333333333333333 1.1547005383792515 0.4458481026333334 0.44584814168888875
-0.16666666666666666 -1.1547005383792515 0.6512713210011564 0.6512713751966748
-0.16666666666666666 -0.9622504486493763 0.6510747346549565 0.6510748352630636
-0.16666666666666666 -0.769800358919501 0.2014799174528933 0.20148000027275478
-0.16666666666666666 -0.5773502691896257 0.1551872152432881 0.15518730234777087
-0.16666666666666666 -0.3849001794597505 0.2014154343061545 0.2014155207980472
-0.16666666666666666 -0.19245008972987526 0.6510707956748841 0.6510708811216899
-0.16666666666666666 0.0 0.6512713210011565 0.6512713751966748
-0.16666666666666666 0.19245008972987526 0.6510747346549564 0.6510748352630634
-0.16666666666666666 0.3849001794597505 0.20147991745289334 0.20148000027275484
-0.16666666666666666 0.5773502691896257 0.15518721524328805 0.15518730234777078
-0.16666666666666666 0.769800358919501 0.20141543430615444 0.20141552079804703
-0.16666666666666666 0.9622504486493763 0.6510707956748844 0.6510708811216901
-0.16666666666666666 1.1547005383792515 0.6512713210011564 0.6512713751966748
0.0 -1.1547005383792515 0.6567565360833342 0.6567566520222227
0.0 -0.9622504486493763 0.6565622638083323 0.6565623815722211
0.0 -0.769800358919501 0.2478760597083337 0.2478761746555555
0.0 -0.5773502691896257 0.16240620021666657 0.16240628218888875
0.0 -0.3849001794597505 0.24787605970833357 0.24787617465555523
0.0 -0.19245008972987526 0.6565622638083319 0.6565623815722211
0.0 0.0 0.6567565360833342 0.6567566520222227
0.0 0.19245008972987526 0.6565622638083319 0.6565623815722211
0.0 0.3849001794597505 0.24787605970833357 0.24787617465555523
0.0 0.5773502691896257 0.16240620021666657 0.16240628218888875
0.0 0.769800358919501 0.2478760597083337 0.2478761746555555
0.0 0.9622504486493763 0.6565622638083323 0.6565623815722211
0.0 1.1547005383792515 0.6567565360833342 0.6567566520222227
0.16666666666666666 -1.1547005383792515 0.6512713210011564 0.6512713751966748
0.16666666666666666 -0.9622504486493763 0.6510707956748844 0.6510708811216901
0.16666666666666666 -0.769800358919501 0.20141543430615444 0.20141552079804703
0.16666666666666666 -0.5773502691896257 0.15518721524328805 0.15518730234777078
0.16666666666666666 -0.3849001794597505 0.20147991745289334 0.20148000027275484
0.16666666666666666 -0.19245008972987526 0.6510747346549564 0.6510748352630634
0.16666666666666666 0.0 0.6512713210011565 0.6512713751966748
0.16666666666666666 0.19245008972987526 0.6510707956748841 0.6510708811216899
0.16666666666666666 0.3849001794597505 0.2014154343061545 0.2014155207980472
0.16666666666666666 0.5773502691896257 0.1551872152432881 0.15518730234777087
0.16666666666666666 0.769800358919501 0.2014799174528933 0.20148000027275478
0.16666666666666666 0.9622504486493763 0.6510747346549565 0.6510748352630636
0.16666666666666666 1.1547005383792515 0.6512713210011564 0.6512713751966748
0.3333333333333333 -1.1547005383792515 0.4458481026333334 0.44584814168888875
0.3333333333333333 -0.9622504486493763 0.37842507020833294 0.37842511790555516
0.3333333333333333 -0.769800358919501 0.16323556539166673 0.16323562765555566
0.3333333333333333 -0.5773502691896257 0.14508281450000002 0.1450828305222223
0.3333333333333333 -0.3849001794597505 0.1631933183083335 0.1631933374888888
0.3333333333333333 -0.19245008972987526 0.37853490729166606 0.37853490640555526
0.3333333333333333 0.0 0.4458481026333335 0.4458481416888887
0.3333333333333333 0.19245008972987526 0.3784250702083323 0.37842511790555494
0.3333333333333333 0.3849001794597505 0.1632355653916667 0.1632356276555556
0.3333333333333333 0.5773502691896257 0.14508281450000002 0.14508283052222212
0.3333333333333333 0.769800358919501 0.16319331830833336 0.1631933374888887
0.3333333333333333 0.9622504486493763 0.3785349072916665 0.3785349064055554
0.3333333333333333 1.1547005383792515 0.4458481026333328 0.4458481416888882
0.5 -1.1547005383792515 0.16647219437222224 0.1664721897722224
0.5 -0.9622504486493763 0.16686450896130645 0.16686449747497345
0.5 -0.769800358919501 0.16686450896130645 0.16686449747497345
0.5 -0.5773502691896257 0.1664721943722222 0.16647218977222233
0.5 -0.3849001794597505 0.16682490833313768 0.1668249127528043
0.5 -0.19245008972987526 0.16682490833313773 0.1668249127528044
0.5 0.0 0.16647219437222213 0.16647218977222228
0.5 0.19245008972987526 0.16686450896130645 0.1668644974749735
0.5 0.3849001794597505 0.16686450896130645 0.16686449747497348
0.5 0.5773502691896257 0.16647219437222224 0.16647218977222233
0.5 0.769800358919501 0.16682490833313762 0.16682491275280434
0.5 0.9622504486493763 0.1668249083331378 0.16682491275280445
0.5 1.1547005383792515 0.16647219437222235 0.16647218977222247
0.6666666666666666 -1.1547005383792515 0.14508281450000032 0.14508283052222232
0.6666666666666666 -0.9622504486493763 0.16323556539166667 0.16323562765555563
0.6666666666666666 -0.769800358919501 0.3784250702083321 0.3784251179055546
0.6666666666666666 -0.5773502691896257 0.4458481026333328 0.44584814168888803
0.6666666666666666 -0.3849001794597505 0.37853490729166567 0.3785349064055549
0.6666666666666666 -0.19245008972987526 0.1631933183083334 0.16319333748888876
0.6666666666666666 0.0 0.1450828145000003 0.14508283052222248
0.6666666666666666 0.19245008972987526 0.16323556539166675 0.16323562765555572
0.6666666666666666 0.3849001794597505 0.37842507020833216 0.37842511790555444
0.6666666666666666 0.5773502691896257 0.44584810263333324 0.44584814168888837
0.6666666666666666 0.769800358919501 0.37853490729166567 0.37853490640555476
0.6666666666666666 0.9622504486493763 0.16319331830833347 0.16319333748888873
0.6666666666666666 1.1547005383792515 0.14508281450000032 0.14508283052222248
0.8333333333333334 -1.1547005383792515 0.155187215243288 0.15518730234777092
0.8333333333333334 -0.9622504486493763 0.20141543430615455 0.20141552079804714
0.8333333333333334 -0.769800358919501 0.6510707956748842 0.6510708811216899
0.8333333333333334 -0.5773502691896257 0.6512713210011564 0.6512713751966749
0.8333333333333334 -0.3849001794597505 0.6510747346549565 0.6510748352630634
0.8333333333333334 -0.19245008972987526 0.20147991745289334 0.20148000027275478
0.8333333333333334 0.0 0.155187215243288 0.15518730234777084
0.8333333333333334 0.19245008972987526 0.2014154343061546 0.20141552079804712
0.8333333333333334 0.3849001794597505 0.6510707956748842 0.6510708811216901
0.8333333333333334 0.5773502691896257 0.6512713210011565 0.6512713751966748
0.8333333333333334 0.769800358919501 0.6510747346549567 0.6510748352630634
0.8333333333333334 0.9622504486493763 0.20147991745289345 0.201480000272755
0.8333333333333334 1.1547005383792515 0.15518721524328813 0.1551873023477707
1.0 -1.1547005383792515 0.16240620021666657 0.16240628218888875
1.0 -0.9622504486493763 0.2478760597083336 0.24787617465555528
1.0 -0.769800358919501 0.6565622638083318 0.6565623815722209
1.0 -0.5773502691896257 0.6567565360833342 0.6567566520222227
1.0 -0.3849001794597505 0.6565622638083322 0.6565623815722211
1.0 -0.19245008972987526 0.2478760597083336 0.24787617465555545
1.0 0.0 0.16240620021666657 0.16240628218888875
1.0 0.19245008972987526 0.24787605970833365 0.24787617465555545
1.0 0.3849001794597505 0.6565622638083319 0.6565623815722209
1.0 0.5773502691896257 0.6567565360833342 0.6567566520222227
1.0 0.769800358919501 0.6565622638083318 0.6565623815722212
1.0 0.9622504486493763 0.24787605970833346 0.24787617465555536
1.0 1.1547005383792515 0.16240620021666657 0.16240628218888875
