-1.0 -1.1547005383792515 0.17312747834166672 0.17313297873333283
-1.0 -0.9622504486493763 0.23990210922638872 0.24021192149722229
-1.0 -0.769800358919501 0.6588247543208354 0.6588154863666662
-1.0 -0.5773502691896257 0.6626176073972223 0.6626343499388888
-1.0 -0.3849001794597505 0.6588247543208359 0.6588154863666662
-1.0 -0.19245008972987526 0.23990210922638833 0.2402119214972222
-1.0 0.0 0.17312747834166672 0.17313297873333283
-1.0 0.19245008972987526 0.23990210922638808 0.24021192149722229
-1.0 0.3849001794597505 0.658824754320836 0.6588154863666662
-1.0 0.5773502691896257 0.6626176073972223 0.6626343499388888
-1.0 0.769800358919501 0.6588247543208354 0.6588154863666663
-1.0 0.9622504486493763 0.23990210922638858 0.24021192149722242
-1.0 1.1547005383792515 0.17312747834166672 0.17313297873333283
-0.9166666666666666 -1.1547005383792515 0.1701605404591316 0.170146927944474
-0.9166666666666666 -0.9622504486493763 0.23117856432158956 0.2311697905298917
-0.9166666666666666 -0.769800358919501 0.658151088489974 0.6581453755156264
-0.9166666666666666 -0.5773502691896257 0.6621129516742031 0.6621475567988525
-0.9166666666666666 -0.3849001794597505 0.6581381969203861 0.6581314071338058
-0.9166666666666666 -0.19245008972987526 0.23115032452728998 0.23114141654358314
-0.9166666666666666 0.0 0.17016054045913168 0.170146927944474
-0.9166666666666666 0.19245008972987526 0.23117856432158987 0.23116979052989137
-0.9166666666666666 0.3849001794597505 0.6581510884899735 0.6581453755156261
-0.9166666666666666 0.5773502691896257 0.6621129516742031 0.662147556798853
-0.9166666666666666 0.769800358919501 0.6581381969203861 0.6581314071338064
-0.9166666666666666 0.9622504486493763 0.23115032452728973 0.23114141654358292
-0.9166666666666666 1.1547005383792515 0.17016054045913165 0.17014692794447395
-0.8333333333333334 -1.1547005383792515 0.1599899819160156 0.15997485050340932
-0.8333333333333334 -0.9622504486493763 0.20244245850820106 0.20243936189310313
-0.8333333333333334 -0.769800358919501 0.6544489222429484 0.6544350056468494
-0.8333333333333334 -0.5773502691896257 0.6601496373839832 0.6601804166771463
-0.8333333333333334 -0.3849001794597505 0.6544259303001334 0.6544108514874527
-0.8333333333333334 -0.19245008972987526 0.20234231098205108 0.20233940174203868
-0.8333333333333334 0.0 0.15998998191601577 0.15997485050340932
-0.8333333333333334 0.19245008972987526 0.202442458508201 0.2024393618931033
-0.8333333333333334 0.3849001794597505 0.6544489222429485 0.6544350056468499
-0.8333333333333334 0.5773502691896257 0.6601496373839837 0.6601804166771464
-0.8333333333333334 0.769800358919501 0.654425930300133 0.6544108514874526
-0.8333333333333334 0.9622504486493763 0.2023423109820511 0.20233940174203893
-0.8333333333333334 1.1547005383792515 0.15998998191601574 0.15997485050340932
-0.75 -1.1547005383792515 0.14935730191159652 0.14933315616447404
-0.75 -0.9622504486493763 0.17580918233971396 0.17581706957229717
-0.75 -0.769800358919501 0.6286156413619719 0.6284976752205799
-0.75 -0.5773502691896257 0.6529823289661794 0.6530568390910804
-0.75 -0.3849001794597505 0.6285917542561182 0.6284320744825823
-0.75 -0.19245008972987526 0.17572139933108574 0.17572790778565578
-0.75 0.0 0.14935730191159677 0.1493331561644739
-0.75 0.19245008972987526 0.1758091823397139 0.1758170695722973
-0.75 0.3849001794597505 0.6286156413619718 0.6284976752205802
-0.75 0.5773502691896257 0.6529823289661805 0.6530568390910803
-0.75 0.769800358919501 0.6285917542561172 0.6284320744825826
-0.75 0.9622504486493763 0.17572139933108594 0.1757279077856559
-0.75 1.1547005383792515 0.1493573019115967 0.149333156164474
-0.6666666666666666 -1.1547005383792515 0.14252111386388913 0.14250612019722234
-0.6666666666666666 -0.9622504486493763 0.15646886969166635 0.1564729355791662
-0.6666666666666666 -0.769800358919501 0.308346479813889 0.3074968826097225
-0.6666666666666666 -0.5773502691896257 0.593987228641669 0.5952947567833351
-0.6666666666666666 -0.3849001794597505 0.3081103615222217 0.30733658772638867
-0.6666666666666666 -0.19245008972987526 0.15652156479999987 0.1565361996541663
-0.6666666666666666 0.0 0.142521113863889 0.14250612019722228
-0.6666666666666666 0.19245008972987526 0.15646886969166637 0.15647293557916622
-0.6666666666666666 0.3849001794597505 0.30834647981388896 0.3074968826097224
-0.6666666666666666 0.5773502691896257 0.5939872286416686 0.5952947567833355
-0.6666666666666666 0.769800358919501 0.30811036152222193 0.3073365877263887
-0.6666666666666666 0.9622504486493763 0.15652156479999968 0.15653619965416632
-0.6666666666666666 1.1547005383792515 0.14252111386388916 0.14250612019722236
-0.5833333333333334 -1.1547005383792515 0.1432001082682408 0.14318894130380513
-0.5833333333333334 -0.9622504486493763 0.1479019811061659 0.1479052119978268
-0.5833333333333334 -0.769800358919501 0.1721840347170307 0.17216391980624207
-0.5833333333333334 -0.5773502691896257 0.2174373656373121 0.21773180324731597
-0.5833333333333334 -0.3849001794597505 0.17213063226545858 0.17210014198740786
-0.5833333333333334 -0.19245008972987526 0.14805534594654737 0.14806016402450342
-0.5833333333333334 0.0 0.14320010826824092 0.1431889413038049
-0.5833333333333334 0.19245008972987526 0.1479019811061659 0.1479052119978269
-0.5833333333333334 0.3849001794597505 0.17218403471703056 0.172163919806242
-0.5833333333333334 0.5773502691896257 0.2174373656373121 0.21773180324731603
-0.5833333333333334 0.769800358919501 0.17213063226545872 0.172100141987408
-0.5833333333333334 0.9622504486493763 0.14805534594654735 0.14806016402450325
-0.5833333333333334 1.1547005383792515 0.14320010826824084 0.1431889413038052
-0.5 -1.1547005383792515 0.15764374990833327 0.15764391428611102
-0.5 -0.9622504486493763 0.15151949946283502 0.15152171466141467
-0.5 -0.769800358919501 0.15151949946283508 0.1515217146614144
-0.5 -0.5773502691896257 0.15764374990833321 0.1576439142861109
-0.5 -0.3849001794597505 0.1516037420454984 0.15160404920247403
-0.5 -0.19245008972987526 0.15160374204549845 0.151604049202474
-0.5 0.0 0.1576437499083332 0.1576439142861109
-0.5 0.19245008972987526 0.15151949946283505 0.1515217146614145
-0.5 0.3849001794597505 0.15151949946283502 0.15152171466141473
-0.5 0.5773502691896257 0.15764374990833321 0.1576439142861109
-0.5 0.769800358919501 0.1516037420454984 0.15160404920247408
-0.5 0.9622504486493763 0.15160374204549823 0.15160404920247403
-0.5 1.1547005383792515 0.15764374990833327 0.15764391428611102
-0.4166666666666667 -1.1547005383792515 0.21743736563731228 0.21773180324731575
-0.4166666666666667 -0.9622504486493763 0.17218403471703048 0.1721639198062421
-0.4166666666666667 -0.769800358919501 0.14790198110616612 0.1479052119978267
-0.4166666666666667 -0.5773502691896257 0.14320010826824098 0.14318894130380502
-0.4166666666666667 -0.3849001794597505 0.14805534594654732 0.1480601640245035
-0.4166666666666667 -0.19245008972987526 0.1721306322654587 0.17210014198740783
-0.4166666666666667 0.0 0.2174373656373122 0.2177318032473161
-0.4166666666666667 0.19245008972987526 0.17218403471703067 0.17216391980624196
-0.4166666666666667 0.3849001794597505 0.147901981106166 0.1479052119978267
-0.4166666666666667 0.5773502691896257 0.14320010826824095 0.143188941303805
-0.4166666666666667 0.769800358919501 0.1480553459465475 0.14806016402450328
-0.4166666666666667 0.9622504486493763 0.17213063226545844 0.1721001419874079
-0.4166666666666667 1.1547005383792515 0.21743736563731217 0.21773180324731595
-0.3333333333333333 -1.1547005383792515 0.593987228641669 0.5952947567833354
-0.3333333333333333 -0.9622504486493763 0.30834647981388963 0.30749688260972313
-0.3333333333333333 -0.769800358919501 0.1564688696916662 0.15647293557916617
-0.3333333333333333 -0.5773502691896257 0.14252111386388916 0.14250612019722209
-0.3333333333333333 -0.3849001794597505 0.1565215647999998 0.15653619965416635
-0.3333333333333333 -0.19245008972987526 0.3081103615222225 0.30733658772638933
-0.3333333333333333 0.0 0.5939872286416691 0.5952947567833355
-0.3333333333333333 0.19245008972987526 0.3083464798138897 0.3074968826097229
-0.3333333333333333 0.3849001794597505 0.1564688696916665 0.15647293557916625
-0.3333333333333333 0.5773502691896257 0.142521113863889 0.14250612019722209
-0.3333333333333333 0.769800358919501 0.15652156479999993 0.15653619965416624
-0.3333333333333333 0.9622504486493763 0.3081103615222224 0.3073365877263892
-0.3333333333333333 1.1547005383792515 0.5939872286416693 0.5952947567833351
-0.25 -1.1547005383792515 0.6529823289661802 0.6530568390910804
-0.25 -0.9622504486493763 0.6286156413619719 0.6284976752205802
-0.25 -0.769800358919501 0.17580918233971404 0.17581706957229737
-0.25 -0.5773502691896257 0.14935730191159663 0.1493331561644738
-0.25 -0.3849001794597505 0.17572139933108571 0.17572790778565583
-0.25 -0.19245008972987526 0.628591754256118 0.6284320744825826
-0.25 0.0 0.6529823289661799 0.6530568390910807
-0.25 0.19245008972987526 0.6286156413619719 0.6284976752205804
-0.25 0.3849001794597505 0.17580918233971382 0.17581706957229715
-0.25 0.5773502691896257 0.14935730191159674 0.14933315616447398
-0.25 0.769800358919501 0.17572139933108602 0.17572790778565597
-0.25 0.9622504486493763 0.6285917542561181 0.6284320744825821
-0.25 1.1547005383792515 0.6529823289661792 0.6530568390910806
-0.16666666666666666 -1.1547005383792515 0.660149637383984 0.6601804166771463
-0.16666666666666666 -0.9622504486493763 0.6544489222429483 0.6544350056468498
-0.16666666666666666 -0.769800358919501 0.20244245850820086 0.2024393618931033
-0.16666666666666666 -0.5773502691896257 0.1599899819160158 0.1599748505034092
-0.16666666666666666 -0.3849001794597505 0.202342310982051 0.20233940174203882
-0.16666666666666666 -0.19245008972987526 0.654425930300133 0.6544108514874528
-0.16666666666666666 0.0 0.6601496373839834 0.6601804166771466
-0.16666666666666666 0.19245008972987526 0.6544489222429484 0.6544350056468499
-0.16666666666666666 0.3849001794597505 0.20244245850820103 0.20243936189310321
-0.16666666666666666 0.5773502691896257 0.15998998191601566 0.1599748505034093
-0.16666666666666666 0.769800358919501 0.20234231098205094 0.20233940174203868
-0.16666666666666666 0.9622504486493763 0.6544259303001332 0.6544108514874528
-0.16666666666666666 1.1547005383792515 0.6601496373839832 0.6601804166771462
-0.08333333333333333 -1.1547005383792515 0.662112951674203 0.6621475567988528
-0.08333333333333333 -0.9622504486493763 0.6581510884899735 0.6581453755156261
-0.08333333333333333 -0.769800358919501 0.23117856432159012 0.23116979052989164
-0.08333333333333333 -0.5773502691896257 0.1701605404591316 0.17014692794447397
-0.08333333333333333 -0.3849001794597505 0.23115032452729012 0.23114141654358322
-0.08333333333333333 -0.19245008972987526 0.6581381969203862 0.6581314071338065
-0.08333333333333333 0.0 0.6621129516742031 0.6621475567988531
-0.08333333333333333 0.19245008972987526 0.6581510884899743 0.6581453755156265
-0.08333333333333333 0.3849001794597505 0.23117856432159 0.2311697905298919
-0.08333333333333333 0.5773502691896257 0.17016054045913148 0.17014692794447395
-0.08333333333333333 0.769800358919501 0.23115032452729015 0.23114141654358322
-0.08333333333333333 0.9622504486493763 0.6581381969203873 0.6581314071338059
-0.08333333333333333 1.1547005383792515 0.6621129516742033 0.6621475567988526
0.0 -1.1547005383792515 0.6626176073972223 0.6626343499388888
0.0 -0.9622504486493763 0.6588247543208361 0.6588154863666662
0.0 -0.769800358919501 0.23990210922638816 0.24021192149722234
0.0 -0.5773502691896257 0.17312747834166672 0.17313297873333283
0.0 -0.3849001794597505 0.23990210922638838 0.24021192149722229
0.0 -0.19245008972987526 0.6588247543208353 0.6588154863666662
0.0 0.0 0.6626176073972223 0.6626343499388888
0.0 0.19245008972987526 0.6588247543208353 0.6588154863666662
0.0 0.3849001794597505 0.23990210922638838 0.24021192149722229
0.0 0.5773502691896257 0.17312747834166672 0.17313297873333283
0.0 0.769800358919501 0.23990210922638816 0.24021192149722234
0.0 0.9622504486493763 0.6588247543208361 0.6588154863666662
0.0 1.1547005383792515 0.6626176073972223 0.6626343499388888
0.08333333333333333 -1.1547005383792515 0.6621129516742033 0.6621475567988526
0.08333333333333333 -0.9622504486493763 0.6581381969203873 0.6581314071338059
0.08333333333333333 -0.769800358919501 0.23115032452729015 0.23114141654358322
0.08333333333333333 -0.5773502691896257 0.17016054045913148 0.17014692794447395
0.08333333333333333 -0.3849001794597505 0.23117856432159 0.2311697905298919
0.08333333333333333 -0.19245008972987526 0.6581510884899743 0.6581453755156265
0.08333333333333333 0.0 0.6621129516742031 0.6621475567988531
0.08333333333333333 0.19245008972987526 0.6581381969203862 0.6581314071338065
0.08333333333333333 0.3849001794597505 0.23115032452729012 0.23114141654358322
0.08333333333333333 0.5773502691896257 0.1701605404591316 0.17014692794447397
0.08333333333333333 0.769800358919501 0.23117856432159012 0.23116979052989164
0.08333333333333333 0.9622504486493763 0.6581510884899735 0.6581453755156261
0.08333333333333333 1.1547005383792515 0.662112951674203 0.6621475567988528
0.16666666666666666 -1.1547005383792515 0.6601496373839832 0.6601804166771462
0.16666666666666666 -0.9622504486493763 0.6544259303001332 0.6544108514874528
0.16666666666666666 -0.769800358919501 0.20234231098205094 0.20233940174203868
0.16666666666666666 -0.5773502691896257 0.15998998191601566 0.1599748505034093
0.16666666666666666 -0.3849001794597505 0.20244245850820103 0.20243936189310321
0.16666666666666666 -0.19245008972987526 0.6544489222429484 0.6544350056468499
0.16666666666666666 0.0 0.6601496373839834 0.6601804166771466
0.16666666666666666 0.19245008972987526 0.654425930300133 0.6544108514874528
0.16666666666666666 0.3849001794597505 0.202342310982051 0.20233940174203882
0.16666666666666666 0.5773502691896257 0.1599899819160158 0.1599748505034092
0.16666666666666666 0.769800358919501 0.20244245850820086 0.2024393618931033
0.16666666666666666 0.9622504486493763 0.6544489222429483 0.6544350056468498
0.16666666666666666 1.1547005383792515 0.660149637383984 0.6601804166771463
0.25 -1.1547005383792515 0.6529823289661792 0.6530568390910806
0.25 -0.9622504486493763 0.6285917542561181 0.6284320744825821
0.25 -0.769800358919501 0.17572139933108602 0.17572790778565597
0.25 -0.5773502691896257 0.14935730191159674 0.14933315616447398
0.25 -0.3849001794597505 0.17580918233971382 0.17581706957229715
0.25 -0.19245008972987526 0.6286156413619719 0.6284976752205804
0.25 0.0 0.6529823289661799 0.6530568390910807
0.25 0.19245008972987526 0.628591754256118 0.6284320744825826
0.25 0.3849001794597505 0.17572139933108571 0.17572790778565583
0.25 0.5773502691896257 0.14935730191159663 0.1493331561644738
0.25 0.769800358919501 0.17580918233971404 0.17581706957229737
0.25 0.9622504486493763 0.6286156413619719 0.6284976752205802
0.25 1.1547005383792515 0.6529823289661802 0.6530568390910804
0.3333333333333333 -1.1547005383792515 0.5939872286416693 0.5952947567833351
0.3333333333333333 -0.9622504486493763 0.3081103615222224 0.3073365877263892
0.3333333333333333 -0.769800358919501 0.15652156479999993 0.15653619965416624
0.3333333333333333 -0.5773502691896257 0.142521113863889 0.14250612019722209
0.3333333333333333 -0.3849001794597505 0.1564688696916665 0.15647293557916625
0.3333333333333333 -0.19245008972987526 0.3083464798138897 0.3074968826097229
0.3333333333333333 0.0 0.5939872286416691 0.5952947567833355
0.3333333333333333 0.19245008972987526 0.3081103615222225 0.30733658772638933
0.3333333333333333 0.3849001794597505 0.1565215647999998 0.15653619965416635
0.3333333333333333 0.5773502691896257 0.14252111386388916 0.14250612019722209
0.3333333333333333 0.769800358919501 0.1564688696916662 0.15647293557916617
0.3333333333333333 0.9622504486493763 0.30834647981388963 0.30749688260972313
0.3333333333333333 1.1547005383792515 0.593987228641669 0.5952947567833354
0.4166666666666667 -1.1547005383792515 0.21743736563731217 0.21773180324731595
0.4166666666666667 -0.9622504486493763 0.17213063226545844 0.1721001419874079
0.4166666666666667 -0.769800358919501 0.1480553459465475 0.14806016402450328
0.4166666666666667 -0.5773502691896257 0.14320010826824095 0.143188941303805
0.4166666666666667 -0.3849001794597505 0.147901981106166 0.1479052119978267
0.4166666666666667 -0.19245008972987526 0.17218403471703067 0.17216391980624196
0.4166666666666667 0.0 0.2174373656373122 0.2177318032473161
0.4166666666666667 0.19245008972987526 0.1721306322654587 0.17210014198740783
0.4166666666666667 0.3849001794597505 0.14805534594654732 0.1480601640245035
0.4166666666666667 0.5773502691896257 0.14320010826824098 0.14318894130380502
0.4166666666666667 0.769800358919501 0.14790198110616612 0.1479052119978267
0.4166666666666667 0.9622504486493763 0.17218403471703048 0.1721639198062421
0.4166666666666667 1.1547005383792515 0.21743736563731228 0.21773180324731575
0.5 -1.1547005383792515 0.15764374990833327 0.15764391428611102
0.5 -0.9622504486493763 0.15160374204549823 0.15160404920247403
0.5 -0.769800358919501 0.1516037420454984 0.15160404920247408
0.5 -0.5773502691896257 0.15764374990833321 0.1576439142861109
0.5 -0.3849001794597505 0.15151949946283502 0.15152171466141473
0.5 -0.19245008972987526 0.15151949946283505 0.1515217146614145
0.5 0.0 0.1576437499083332 0.1576439142861109
0.5 0.19245008972987526 0.15160374204549845 0.151604049202474
0.5 0.3849001794597505 0.1516037420454984 0.15160404920247403
0.5 0.5773502691896257 0.15764374990833321 0.1576439142861109
0.5 0.769800358919501 0.15151949946283508 0.1515217146614144
0.5 0.9622504486493763 0.15151949946283502 0.15152171466141467
0.5 1.1547005383792515 0.15764374990833327 0.15764391428611102
0.5833333333333334 -1.1547005383792515 0.14320010826824084 0.1431889413038052
0.5833333333333334 -0.9622504486493763 0.14805534594654735 0.14806016402450325
0.5833333333333334 -0.769800358919501 0.17213063226545872 0.172100141987408
0.5833333333333334 -0.5773502691896257 0.2174373656373121 0.21773180324731603
0.5833333333333334 -0.3849001794597505 0.17218403471703056 0.172163919806242
0.5833333333333334 -0.19245008972987526 0.1479019811061659 0.1479052119978269
0.5833333333333334 0.0 0.14320010826824092 0.1431889413038049
0.5833333333333334 0.19245008972987526 0.14805534594654737 0.14806016402450342
0.5833333333333334 0.3849001794597505 0.17213063226545858 0.17210014198740786
0.5833333333333334 0.5773502691896257 0.2174373656373121 0.21773180324731597
0.5833333333333334 0.769800358919501 0.1721840347170307 0.17216391980624207
0.5833333333333334 0.9622504486493763 0.1479019811061659 0.1479052119978268
0.5833333333333334 1.1547005383792515 0.1432001082682408 0.14318894130380513
0.6666666666666666 -1.1547005383792515 0.14252111386388916 0.14250612019722236
0.6666666666666666 -0.9622504486493763 0.15652156479999968 0.15653619965416632
0.6666666666666666 -0.769800358919501 0.30811036152222193 0.3073365877263887
0.6666666666666666 -0.5773502691896257 0.5939872286416686 0.5952947567833355
0.6666666666666666 -0.3849001794597505 0.30834647981388896 0.3074968826097224
0.6666666666666666 -0.19245008972987526 0.15646886969166637 0.15647293557916622
0.6666666666666666 0.0 0.142521113863889 0.14250612019722228
0.6666666666666666 0.19245008972987526 0.15652156479999987 0.1565361996541663
0.6666666666666666 0.3849001794597505 0.3081103615222217 0.30733658772638867
0.6666666666666666 0.5773502691896257 0.593987228641669 0.5952947567833351
0.6666666666666666 0.769800358919501 0.308346479813889 0.3074968826097225
0.6666666666666666 0.9622504486493763 0.15646886969166635 0.1564729355791662
0.6666666666666666 1.1547005383792515 0.14252111386388913 0.14250612019722234
0.75 -1.1547005383792515 0.1493573019115967 0.149333156164474
0.75 -0.9622504486493763 0.17572139933108594 0.1757279077856559
0.75 -0.769800358919501 0.6285917542561172 0.6284320744825826
0.75 -0.5773502691896257 0.6529823289661805 0.6530568390910803
0.75 -0.3849001794597505 0.6286156413619718 0.6284976752205802
0.75 -0.19245008972987526 0.1758091823397139 0.1758170695722973
0.75 0.0 0.14935730191159677 0.1493331561644739
0.75 0.19245008972987526 0.17572139933108574 0.17572790778565578
0.75 0.3849001794597505 0.6285917542561182 0.6284320744825823
0.75 0.5773502691896257 0.6529823289661794 0.6530568390910804
0.75 0.769800358919501 0.6286156413619719 0.6284976752205799
0.75 0.9622504486493763 0.17580918233971396 0.17581706957229717
0.75 1.1547005383792515 0.14935730191159652 0.14933315616447404
0.8333333333333334 -1.1547005383792515 0.15998998191601574 0.15997485050340932
0.8333333333333334 -0.9622504486493763 0.2023423109820511 0.20233940174203893
0.8333333333333334 -0.769800358919501 0.654425930300133 0.6544108514874526
0.8333333333333334 -0.5773502691896257 0.6601496373839837 0.6601804166771464
0.8333333333333334 -0.3849001794597505 0.6544489222429485 0.6544350056468499
0.8333333333333334 -0.19245008972987526 0.202442458508201 0.2024393618931033
0.8333333333333334 0.0 0.15998998191601577 0.15997485050340932
0.8333333333333334 0.19245008972987526 0.20234231098205108 0.20233940174203868
0.8333333333333334 0.3849001794597505 0.6544259303001334 0.6544108514874527
0.8333333333333334 0.5773502691896257 0.6601496373839832 0.6601804166771463
0.8333333333333334 0.769800358919501 0.6544489222429484 0.6544350056468494
0.8333333333333334 0.9622504486493763 0.20244245850820106 0.20243936189310313
0.8333333333333334 1.1547005383792515 0.1599899819160156 0.15997485050340932
0.9166666666666666 -1.1547005383792515 0.17016054045913165 0.17014692794447395
0.9166666666666666 -0.9622504486493763 0.23115032452728973 0.23114141654358292
0.9166666666666666 -0.769800358919501 0.6581381969203861 0.6581314071338064
0.9166666666666666 -0.5773502691896257 0.6621129516742031 0.662147556798853
0.9166666666666666 -0.3849001794597505 0.6581510884899735 0.6581453755156261
0.9166666666666666 -0.19245008972987526 0.23117856432158987 0.23116979052989137
0.9166666666666666 0.0 0.17016054045913168 0.170146927944474
0.9166666666666666 0.19245008972987526 0.23115032452728998 0.23114141654358314
0.9166666666666666 0.3849001794597505 0.6581381969203861 0.6581314071338058
0.9166666666666666 0.5773502691896257 0.6621129516742031 0.6621475567988525
0.9166666666666666 0.769800358919501 0.658151088489974 0.6581453755156264
0.9166666666666666 0.9622504486493763 0.23117856432158956 0.2311697905298917
0.9166666666666666 1.1547005383792515 0.1701605404591316 0.170146927944474
1.0 -1.1547005383792515 0.17312747834166672 0.17313297873333283
1.0 -0.9622504486493763 0.23990210922638858 0.24021192149722242
1.0 -0.769800358919501 0.6588247543208354 0.6588154863666663
1.0 -0.5773502691896257 0.6626176073972223 0.6626343499388888
1.0 -0.3849001794597505 0.658824754320836 0.6588154863666662
1.0 -0.19245008972987526 0.23990210922638808 0.24021192149722229
1.0 0.0 0.17312747834166672 0.17313297873333283
1.0 0.19245008972987526 0.23990210922638833 0.2402119214972222
1.0 0.3849001794597505 0.6588247543208359 0.6588154863666662
1.0 0.5773502691896257 0.6626176073972223 0.6626343499388888
1.0 0.769800358919501 0.6588247543208354 0.6588154863666662
1.0 0.9622504486493763 0.23990210922638872 0.24021192149722229
1.0 1.1547005383792515 0.17312747834166672 0.17313297873333283
