-1.0 -1.1547005383792515 2.333333333333333 0.25508508560699983 0.23716147286716716
-1.0 -0.9622504486493763 1.925925925925926 0.3857846713281666 0.3671553231864169
-1.0 -0.769800358919501 1.5925925925925926 0.6282319182015006 0.611022157906416
-1.0 -0.5773502691896257 1.3333333333333333 0.6302009513336658 0.6130403937271657
-1.0 -0.3849001794597505 1.1481481481481481 0.6282319182015008 0.6110221579064159
-1.0 -0.19245008972987526 1.037037037037037 0.38578467132816696 0.36715532318641664
-1.0 0.0 1.0 0.25508508560699983 0.23716147286716716
-1.0 0.19245008972987526 1.037037037037037 0.3857846713281668 0.36715532318641664
-1.0 0.3849001794597505 1.1481481481481481 0.628231918201501 0.6110221579064159
-1.0 0.5773502691896257 1.3333333333333333 0.6302009513336658 0.6130403937271657
-1.0 0.769800358919501 1.5925925925925926 0.6282319182015004 0.6110221579064163
-1.0 0.9622504486493763 1.925925925925926 0.38578467132816663 0.36715532318641686
-1.0 1.1547005383792515 2.333333333333333 0.25508508560699983 0.23716147286716716
-0.9 -1.1547005383792515 2.1433333333333335 0.23880195892013695 0.22049556662345035
-0.9 -0.9622504486493763 1.735925925925926 0.34943908663744566 0.3252004140615122
-0.9 -0.769800358919501 1.4025925925925926 0.6264657894387874 0.609615547010831
-0.9 -0.5773502691896257 1.1433333333333333 0.6297752035772246 0.6124087373676659
-0.9 -0.3849001794597505 0.9581481481481482 0.62646079075084 0.6096078289396619
-0.9 -0.19245008972987526 0.8470370370370371 0.34942927207289143 0.3251901019860192
-0.9 0.0 0.81 0.23880195892013706 0.22049556662345035
-0.9 0.19245008972987526 0.8470370370370371 0.3494390866374456 0.3252004140615121
-0.9 0.3849001794597505 0.9581481481481482 0.6264657894387874 0.6096155470108311
-0.9 0.5773502691896257 1.1433333333333333 0.6297752035772245 0.6124087373676659
-0.9 0.769800358919501 1.4025925925925926 0.6264607907508402 0.6096078289396619
-0.9 0.9622504486493763 1.735925925925926 0.34942927207289143 0.32519010198601905
-0.9 1.1547005383792515 2.1433333333333335 0.23880195892013678 0.22049556662345016
-0.8 -1.1547005383792515 1.9733333333333334 0.20742554905374502 0.19443178861870578
-0.8 -0.9622504486493763 1.5659259259259262 0.2594386915648112 0.24393200297691495
-0.8 -0.769800358919501 1.2325925925925927 0.6181660248808876 0.601896461937124
-0.8 -0.5773502691896257 0.9733333333333334 0.6277492273808158 0.6097588386876347
-0.8 -0.3849001794597505 0.7881481481481483 0.6181542631936855 0.60188841934382
-0.8 -0.19245008972987526 0.6770370370370372 0.2593522078322049 0.24384952376292698
-0.8 0.0 0.6400000000000001 0.20742554905374538 0.19443178861870603
-0.8 0.19245008972987526 0.6770370370370372 0.25943869156481114 0.24393200297691509
-0.8 0.3849001794597505 0.7881481481481483 0.6181660248808871 0.6018964619371238
-0.8 0.5773502691896257 0.9733333333333334 0.6277492273808156 0.6097588386876343
-0.8 0.769800358919501 1.2325925925925927 0.6181542631936853 0.6018884193438202
-0.8 0.9622504486493763 1.5659259259259262 0.25935220783220475 0.24384952376292707
-0.8 1.1547005383792515 1.9733333333333334 0.2074255490537449 0.19443178861870575
-0.7 -1.1547005383792515 1.8233333333333333 0.19091532626808227 0.18025242082521234
-0.7 -0.9622504486493763 1.4159259259259258 0.22098428863756112 0.20909182579958804
-0.7 -0.769800358919501 1.0825925925925926 0.5792942791505361 0.5598921469733891
-0.7 -0.5773502691896257 0.8233333333333333 0.6124263259722212 0.5868649934748383
-0.7 -0.3849001794597505 0.6381481481481481 0.5792150070510811 0.5598116271912369
-0.7 -0.19245008972987526 0.527037037037037 0.2209791715231902 0.20908716353659412
-0.7 0.0 0.48999999999999994 0.19091532626808203 0.18025242082521215
-0.7 0.19245008972987526 0.527037037037037 0.22098428863756125 0.2090918257995881
-0.7 0.3849001794597505 0.6381481481481481 0.5792942791505363 0.5598921469733892
-0.7 0.5773502691896257 0.8233333333333333 0.612426325972221 0.5868649934748381
-0.7 0.769800358919501 1.0825925925925926 0.5792150070510811 0.5598116271912369
-0.7 0.9622504486493763 1.4159259259259258 0.22097917152319008 0.20908716353659407
-0.7 1.1547005383792515 1.8233333333333333 0.19091532626808225 0.1802524208252122
-0.6 -1.1547005383792515 1.6933333333333334 0.1880733892323501 0.17866620896211347
-0.6 -0.9622504486493763 1.285925925925926 0.20242092118831598 0.19306289366933668
-0.6 -0.769800358919501 0.9525925925925927 0.31644549183005893 0.297851348033942
-0.6 -0.5773502691896257 0.6933333333333334 0.3737007860294205 0.33124516710104424
-0.6 -0.3849001794597505 0.5081481481481481 0.31635174590475895 0.29775969723646517
-0.6 -0.19245008972987526 0.397037037037037 0.20252986390894137 0.19317229027996932
-0.6 0.0 0.36 0.18807338923234995 0.17866620896211352
-0.6 0.19245008972987526 0.397037037037037 0.20242092118831584 0.19306289366933668
-0.6 0.3849001794597505 0.5081481481481481 0.31644549183005904 0.2978513480339418
-0.6 0.5773502691896257 0.6933333333333334 0.37370078602942064 0.33124516710104435
-0.6 0.769800358919501 0.9525925925925927 0.3163517459047588 0.29775969723646534
-0.6 0.9622504486493763 1.285925925925926 0.20252986390894137 0.1931722902799692
-0.6 1.1547005383792515 1.6933333333333334 0.18807338923234987 0.17866620896211352
-0.5 -1.1547005383792515 1.5833333333333333 0.20981644042900036 0.2007075917088333
-0.5 -0.9622504486493763 1.175925925925926 0.2097421461960646 0.2004658224603321
-0.5 -0.769800358919501 0.8425925925925927 0.2097421461960648 0.20046582246033223
-0.5 -0.5773502691896257 0.5833333333333333 0.20981644042900033 0.20070759170883323
-0.5 -0.3849001794597505 0.39814814814814814 0.20978714337493523 0.20051515704083428
-0.5 -0.19245008972987526 0.28703703703703703 0.20978714337493523 0.20051515704083445
-0.5 0.0 0.25 0.20981644042900033 0.20070759170883323
-0.5 0.19245008972987526 0.28703703703703703 0.20974214619606468 0.20046582246033218
-0.5 0.3849001794597505 0.39814814814814814 0.2097421461960647 0.20046582246033212
-0.5 0.5773502691896257 0.5833333333333333 0.20981644042900036 0.20070759170883323
-0.5 0.769800358919501 0.8425925925925927 0.20978714337493515 0.20051515704083445
-0.5 0.9622504486493763 1.175925925925926 0.2097871433749354 0.20051515704083417
-0.5 1.1547005383792515 1.5833333333333333 0.2098164404290003 0.20070759170883323
-0.4 -1.1547005383792515 1.4933333333333332 0.37370078602942086 0.3312451671010444
-0.4 -0.9622504486493763 1.085925925925926 0.31644549183005916 0.29785134803394175
-0.4 -0.769800358919501 0.7525925925925927 0.2024209211883158 0.19306289366933696
-0.4 -0.5773502691896257 0.49333333333333335 0.18807338923234992 0.1786662089621136
-0.4 -0.3849001794597505 0.30814814814814817 0.20252986390894132 0.19317229027996935
-0.4 -0.19245008972987526 0.19703703703703707 0.3163517459047592 0.2977596972364653
-0.4 0.0 0.16000000000000003 0.37370078602942075 0.3312451671010445
-0.4 0.19245008972987526 0.19703703703703707 0.31644549183005904 0.29785134803394225
-0.4 0.3849001794597505 0.30814814814814817 0.20242092118831587 0.1930628936693368
-0.4 0.5773502691896257 0.49333333333333335 0.1880733892323502 0.17866620896211358
-0.4 0.769800358919501 0.7525925925925927 0.20252986390894143 0.19317229027996946
-0.4 0.9622504486493763 1.085925925925926 0.3163517459047592 0.29775969723646506
-0.4 1.1547005383792515 1.4933333333333332 0.3737007860294206 0.3312451671010443
-0.3 -1.1547005383792515 1.4233333333333333 0.6124263259722207 0.5868649934748379
-0.3 -0.9622504486493763 1.015925925925926 0.579294279150536 0.5598921469733892
-0.3 -0.769800358919501 0.6825925925925926 0.2209842886375611 0.20909182579958802
-0.3 -0.5773502691896257 0.42333333333333334 0.190915326268082 0.18025242082521176
-0.3 -0.3849001794597505 0.23814814814814816 0.22097917152319002 0.2090871635365939
-0.3 -0.19245008972987526 0.12703703703703703 0.5792150070510811 0.559811627191237
-0.3 0.0 0.09 0.6124263259722207 0.5868649934748381
-0.3 0.19245008972987526 0.12703703703703703 0.5792942791505358 0.559892146973389
-0.3 0.3849001794597505 0.23814814814814816 0.22098428863756103 0.2090918257995879
-0.3 0.5773502691896257 0.42333333333333334 0.19091532626808197 0.18025242082521195
-0.3 0.769800358919501 0.6825925925925926 0.22097917152319013 0.20908716353659407
-0.3 0.9622504486493763 1.015925925925926 0.5792150070510809 0.5598116271912367
-0.3 1.1547005383792515 1.4233333333333333 0.6124263259722208 0.5868649934748381
-0.2 -1.1547005383792515 1.3733333333333333 0.6277492273808156 0.6097588386876349
-0.2 -0.9622504486493763 0.965925925925926 0.6181660248808879 0.6018964619371241
-0.2 -0.769800358919501 0.6325925925925927 0.2594386915648113 0.243932002976915
-0.2 -0.5773502691896257 0.3733333333333333 0.20742554905374516 0.1944317886187059
-0.2 -0.3849001794597505 0.18814814814814818 0.25935220783220475 0.24384952376292685
-0.2 -0.19245008972987526 0.07703703703703704 0.6181542631936854 0.6018884193438203
-0.2 0.0 0.04000000000000001 0.627749227380816 0.6097588386876347
-0.2 0.19245008972987526 0.07703703703703704 0.6181660248808877 0.6018964619371239
-0.2 0.3849001794597505 0.18814814814814818 0.25943869156481114 0.2439320029769148
-0.2 0.5773502691896257 0.3733333333333333 0.20742554905374505 0.19443178861870578
-0.2 0.769800358919501 0.6325925925925927 0.259352207832205 0.24384952376292687
-0.2 0.9622504486493763 0.965925925925926 0.6181542631936853 0.6018884193438199
-0.2 1.1547005383792515 1.3733333333333333 0.6277492273808163 0.6097588386876353
-0.1 -1.1547005383792515 1.3433333333333333 0.6297752035772243 0.6124087373676657
-0.1 -0.9622504486493763 0.9359259259259259 0.6264657894387872 0.6096155470108312
-0.1 -0.769800358919501 0.6025925925925927 0.34943908663744555 0.3252004140615123
-0.1 -0.5773502691896257 0.3433333333333333 0.2388019589201368 0.22049556662345032
-0.1 -0.3849001794597505 0.15814814814814818 0.3494292720728914 0.32519010198601905
-0.1 -0.19245008972987526 0.047037037037037044 0.62646079075084 0.6096078289396617
-0.1 0.0 0.010000000000000002 0.6297752035772247 0.6124087373676659
-0.1 0.19245008972987526 0.047037037037037044 0.6264657894387873 0.6096155470108313
-0.1 0.3849001794597505 0.15814814814814818 0.34943908663744544 0.3252004140615122
-0.1 0.5773502691896257 0.3433333333333333 0.238801958920137 0.22049556662345035
-0.1 0.769800358919501 0.6025925925925927 0.34942927207289126 0.325190101986019
-0.1 0.9622504486493763 0.9359259259259259 0.62646079075084 0.6096078289396619
-0.1 1.1547005383792515 1.3433333333333333 0.6297752035772246 0.6124087373676659
0.0 -1.1547005383792515 1.3333333333333333 0.6302009513336658 0.6130403937271657
0.0 -0.9622504486493763 0.9259259259259259 0.6282319182015009 0.611022157906416
0.0 -0.769800358919501 0.5925925925925927 0.38578467132816696 0.36715532318641664
0.0 -0.5773502691896257 0.3333333333333333 0.25508508560699983 0.23716147286716716
0.0 -0.3849001794597505 0.14814814814814817 0.38578467132816663 0.3671553231864165
0.0 -0.19245008972987526 0.03703703703703704 0.6282319182015003 0.611022157906416
0.0 0.0 0.0 0.6302009513336658 0.6130403937271657
0.0 0.19245008972987526 0.03703703703703704 0.6282319182015003 0.611022157906416
0.0 0.3849001794597505 0.14814814814814817 0.38578467132816663 0.3671553231864165
0.0 0.5773502691896257 0.3333333333333333 0.25508508560699983 0.23716147286716716
0.0 0.769800358919501 0.5925925925925927 0.38578467132816696 0.36715532318641664
0.0 0.9622504486493763 0.9259259259259259 0.6282319182015009 0.611022157906416
0.0 1.1547005383792515 1.3333333333333333 0.6302009513336658 0.6130403937271657
0.1 -1.1547005383792515 1.3433333333333333 0.6297752035772246 0.6124087373676659
0.1 -0.9622504486493763 0.9359259259259259 0.62646079075084 0.6096078289396619
0.1 -0.769800358919501 0.6025925925925927 0.34942927207289126 0.325190101986019
0.1 -0.5773502691896257 0.3433333333333333 0.238801958920137 0.22049556662345035
0.1 -0.3849001794597505 0.15814814814814818 0.34943908663744544 0.3252004140615122
0.1 -0.19245008972987526 0.047037037037037044 0.6264657894387873 0.6096155470108313
0.1 0.0 0.010000000000000002 0.6297752035772247 0.6124087373676659
0.1 0.19245008972987526 0.047037037037037044 0.62646079075084 0.6096078289396617
0.1 0.3849001794597505 0.15814814814814818 0.3494292720728914 0.32519010198601905
0.1 0.5773502691896257 0.3433333333333333 0.2388019589201368 0.22049556662345032
0.1 0.769800358919501 0.6025925925925927 0.34943908663744555 0.3252004140615123
0.1 0.9622504486493763 0.9359259259259259 0.6264657894387872 0.6096155470108312
0.1 1.1547005383792515 1.3433333333333333 0.6297752035772243 0.6124087373676657
0.2 -1.1547005383792515 1.3733333333333333 0.6277492273808163 0.6097588386876353
0.2 -0.9622504486493763 0.965925925925926 0.6181542631936853 0.6018884193438199
0.2 -0.769800358919501 0.6325925925925927 0.259352207832205 0.24384952376292687
0.2 -0.5773502691896257 0.3733333333333333 0.20742554905374505 0.19443178861870578
0.2 -0.3849001794597505 0.18814814814814818 0.25943869156481114 0.2439320029769148
0.2 -0.19245008972987526 0.07703703703703704 0.6181660248808877 0.6018964619371239
0.2 0.0 0.04000000000000001 0.627749227380816 0.6097588386876347
0.2 0.19245008972987526 0.07703703703703704 0.6181542631936854 0.6018884193438203
0.2 0.3849001794597505 0.18814814814814818 0.25935220783220475 0.24384952376292685
0.2 0.5773502691896257 0.3733333333333333 0.20742554905374516 0.1944317886187059
0.2 0.769800358919501 0.6325925925925927 0.2594386915648113 0.243932002976915
0.2 0.9622504486493763 0.965925925925926 0.6181660248808879 0.6018964619371241
0.2 1.1547005383792515 1.3733333333333333 0.6277492273808156 0.6097588386876349
0.3 -1.1547005383792515 1.4233333333333333 0.6124263259722208 0.5868649934748381
0.3 -0.9622504486493763 1.015925925925926 0.5792150070510809 0.5598116271912367
0.3 -0.769800358919501 0.6825925925925926 0.22097917152319013 0.20908716353659407
0.3 -0.5773502691896257 0.42333333333333334 0.19091532626808197 0.18025242082521195
0.3 -0.3849001794597505 0.23814814814814816 0.22098428863756103 0.2090918257995879
0.3 -0.19245008972987526 0.12703703703703703 0.5792942791505358 0.559892146973389
0.3 0.0 0.09 0.6124263259722207 0.5868649934748381
0.3 0.19245008972987526 0.12703703703703703 0.5792150070510811 0.559811627191237
0.3 0.3849001794597505 0.23814814814814816 0.22097917152319002 0.2090871635365939
0.3 0.5773502691896257 0.42333333333333334 0.190915326268082 0.18025242082521176
0.3 0.769800358919501 0.6825925925925926 0.2209842886375611 0.20909182579958802
0.3 0.9622504486493763 1.015925925925926 0.579294279150536 0.5598921469733892
0.3 1.1547005383792515 1.4233333333333333 0.6124263259722207 0.5868649934748379
0.4 -1.1547005383792515 1.4933333333333332 0.3737007860294206 0.3312451671010443
0.4 -0.9622504486493763 1.085925925925926 0.3163517459047592 0.29775969723646506
0.4 -0.769800358919501 0.7525925925925927 0.20252986390894143 0.19317229027996946
0.4 -0.5773502691896257 0.49333333333333335 0.1880733892323502 0.17866620896211358
0.4 -0.3849001794597505 0.30814814814814817 0.20242092118831587 0.1930628936693368
0.4 -0.19245008972987526 0.19703703703703707 0.31644549183005904 0.29785134803394225
0.4 0.0 0.16000000000000003 0.37370078602942075 0.3312451671010445
0.4 0.19245008972987526 0.19703703703703707 0.3163517459047592 0.2977596972364653
0.4 0.3849001794597505 0.30814814814814817 0.20252986390894132 0.19317229027996935
0.4 0.5773502691896257 0.49333333333333335 0.18807338923234992 0.1786662089621136
0.4 0.769800358919501 0.7525925925925927 0.2024209211883158 0.19306289366933696
0.4 0.9622504486493763 1.085925925925926 0.31644549183005916 0.29785134803394175
0.4 1.1547005383792515 1.4933333333333332 0.37370078602942086 0.3312451671010444
0.5 -1.1547005383792515 1.5833333333333333 0.2098164404290003 0.20070759170883323
0.5 -0.9622504486493763 1.175925925925926 0.2097871433749354 0.20051515704083417
0.5 -0.769800358919501 0.8425925925925927 0.20978714337493515 0.20051515704083445
0.5 -0.5773502691896257 0.5833333333333333 0.20981644042900036 0.20070759170883323
0.5 -0.3849001794597505 0.39814814814814814 0.2097421461960647 0.20046582246033212
0.5 -0.19245008972987526 0.28703703703703703 0.20974214619606468 0.20046582246033218
0.5 0.0 0.25 0.20981644042900033 0.20070759170883323
0.5 0.19245008972987526 0.28703703703703703 0.20978714337493523 0.20051515704083445
0.5 0.3849001794597505 0.39814814814814814 0.20978714337493523 0.20051515704083428
0.5 0.5773502691896257 0.5833333333333333 0.20981644042900033 0.20070759170883323
0.5 0.769800358919501 0.8425925925925927 0.2097421461960648 0.20046582246033223
0.5 0.9622504486493763 1.175925925925926 0.2097421461960646 0.2004658224603321
0.5 1.1547005383792515 1.5833333333333333 0.20981644042900036 0.2007075917088333
0.6 -1.1547005383792515 1.6933333333333334 0.18807338923234987 0.17866620896211352
0.6 -0.9622504486493763 1.285925925925926 0.20252986390894137 0.1931722902799692
0.6 -0.769800358919501 0.9525925925925927 0.3163517459047588 0.29775969723646534
0.6 -0.5773502691896257 0.6933333333333334 0.37370078602942064 0.33124516710104435
0.6 -0.3849001794597505 0.5081481481481481 0.31644549183005904 0.2978513480339418
0.6 -0.19245008972987526 0.397037037037037 0.20242092118831584 0.19306289366933668
0.6 0.0 0.36 0.18807338923234995 0.17866620896211352
0.6 0.19245008972987526 0.397037037037037 0.20252986390894137 0.19317229027996932
0.6 0.3849001794597505 0.5081481481481481 0.31635174590475895 0.29775969723646517
0.6 0.5773502691896257 0.6933333333333334 0.3737007860294205 0.33124516710104424
0.6 0.769800358919501 0.9525925925925927 0.31644549183005893 0.297851348033942
0.6 0.9622504486493763 1.285925925925926 0.20242092118831598 0.19306289366933668
0.6 1.1547005383792515 1.6933333333333334 0.1880733892323501 0.17866620896211347
0.7 -1.1547005383792515 1.8233333333333333 0.19091532626808225 0.1802524208252122
0.7 -0.9622504486493763 1.4159259259259258 0.22097917152319008 0.20908716353659407
0.7 -0.769800358919501 1.0825925925925926 0.5792150070510811 0.5598116271912369
0.7 -0.5773502691896257 0.8233333333333333 0.612426325972221 0.5868649934748381
0.7 -0.3849001794597505 0.6381481481481481 0.5792942791505363 0.5598921469733892
0.7 -0.19245008972987526 0.527037037037037 0.22098428863756125 0.2090918257995881
0.7 0.0 0.48999999999999994 0.19091532626808203 0.18025242082521215
0.7 0.19245008972987526 0.527037037037037 0.2209791715231902 0.20908716353659412
0.7 0.3849001794597505 0.6381481481481481 0.5792150070510811 0.5598116271912369
0.7 0.5773502691896257 0.8233333333333333 0.6124263259722212 0.5868649934748383
0.7 0.769800358919501 1.0825925925925926 0.5792942791505361 0.5598921469733891
0.7 0.9622504486493763 1.4159259259259258 0.22098428863756112 0.20909182579958804
0.7 1.1547005383792515 1.8233333333333333 0.19091532626808227 0.18025242082521234
0.8 -1.1547005383792515 1.9733333333333334 0.2074255490537449 0.19443178861870575
0.8 -0.9622504486493763 1.5659259259259262 0.25935220783220475 0.24384952376292707
0.8 -0.769800358919501 1.2325925925925927 0.6181542631936853 0.6018884193438202
0.8 -0.5773502691896257 0.9733333333333334 0.6277492273808156 0.6097588386876343
0.8 -0.3849001794597505 0.7881481481481483 0.6181660248808871 0.6018964619371238
0.8 -0.19245008972987526 0.6770370370370372 0.25943869156481114 0.24393200297691509
0.8 0.0 0.6400000000000001 0.20742554905374538 0.19443178861870603
0.8 0.19245008972987526 0.6770370370370372 0.2593522078322049 0.24384952376292698
0.8 0.3849001794597505 0.7881481481481483 0.6181542631936855 0.60188841934382
0.8 0.5773502691896257 0.9733333333333334 0.6277492273808158 0.6097588386876347
0.8 0.769800358919501 1.2325925925925927 0.6181660248808876 0.601896461937124
0.8 0.9622504486493763 1.5659259259259262 0.2594386915648112 0.24393200297691495
0.8 1.1547005383792515 1.9733333333333334 0.20742554905374502 0.19443178861870578
0.9 -1.1547005383792515 2.1433333333333335 0.23880195892013678 0.22049556662345016
0.9 -0.9622504486493763 1.735925925925926 0.34942927207289143 0.32519010198601905
0.9 -0.769800358919501 1.4025925925925926 0.6264607907508402 0.6096078289396619
0.9 -0.5773502691896257 1.1433333333333333 0.6297752035772245 0.6124087373676659
0.9 -0.3849001794597505 0.9581481481481482 0.6264657894387874 0.6096155470108311
0.9 -0.19245008972987526 0.8470370370370371 0.3494390866374456 0.3252004140615121
0.9 0.0 0.81 0.23880195892013706 0.22049556662345035
0.9 0.19245008972987526 0.8470370370370371 0.34942927207289143 0.3251901019860192
0.9 0.3849001794597505 0.9581481481481482 0.62646079075084 0.6096078289396619
0.9 0.5773502691896257 1.1433333333333333 0.6297752035772246 0.6124087373676659
0.9 0.769800358919501 1.4025925925925926 0.6264657894387874 0.609615547010831
0.9 0.9622504486493763 1.735925925925926 0.34943908663744566 0.3252004140615122
0.9 1.1547005383792515 2.1433333333333335 0.23880195892013695 0.22049556662345035
1.0 -1.1547005383792515 2.333333333333333 0.25508508560699983 0.23716147286716716
1.0 -0.9622504486493763 1.925925925925926 0.38578467132816663 0.36715532318641686
1.0 -0.769800358919501 1.5925925925925926 0.6282319182015004 0.6110221579064163
1.0 -0.5773502691896257 1.3333333333333333 0.6302009513336658 0.6130403937271657
1.0 -0.3849001794597505 1.1481481481481481 0.628231918201501 0.6110221579064159
1.0 -0.19245008972987526 1.037037037037037 0.3857846713281668 0.36715532318641664
1.0 0.0 1.0 0.25508508560699983 0.23716147286716716
1.0 0.19245008972987526 1.037037037037037 0.38578467132816696 0.36715532318641664
1.0 0.3849001794597505 1.1481481481481481 0.6282319182015008 0.6110221579064159
1.0 0.5773502691896257 1.3333333333333333 0.6302009513336658 0.6130403937271657
1.0 0.769800358919501 1.5925925925925926 0.6282319182015006 0.611022157906416
1.0 0.9622504486493763 1.925925925925926 0.3857846713281666 0.3671553231864169
1.0 1.1547005383792515 2.333333333333333 0.25508508560699983 0.23716147286716716
