-1.0 -1.1547005383792515 0.026169600566666715 0.026169600566666715
-1.0 -0.9622504486493763 0.040204577266666666 0.040204577266666666
-1.0 -0.769800358919501 0.7530701213999995 0.7530701213999995
-1.0 -0.5773502691896257 0.8083961280999987 0.8083961280999987
-1.0 -0.3849001794597505 0.7530701213999997 0.7530701213999997
-1.0 -0.19245008972987526 0.04020457726666671 0.04020457726666671
-1.0 0.0 0.026169600566666715 0.026169600566666715
-1.0 0.19245008972987526 0.040204577266666736 0.040204577266666736
-1.0 0.3849001794597505 0.7530701213999998 0.7530701213999998
-1.0 0.5773502691896257 0.8083961280999987 0.8083961280999987
-1.0 0.769800358919501 0.7530701213999994 0.7530701213999994
-1.0 0.9622504486493763 0.040204577266666645 0.040204577266666645
-1.0 1.1547005383792515 0.026169600566666715 0.026169600566666715
-0.8333333333333334 -1.1547005383792515 0.025371988207099714 0.025371988207099714
-0.8333333333333334 -0.9622504486493763 0.034201759021889135 0.034201759021889135
-0.8333333333333334 -0.769800358919501 0.2714914097227574 0.2714914097227574
-0.8333333333333334 -0.5773502691896257 0.7691534541262344 0.7691534541262344
-0.8333333333333334 -0.3849001794597505 0.27149142714477803 0.27149142714477803
-0.8333333333333334 -0.19245008972987526 0.034201652110576575 0.034201652110576575
-0.8333333333333334 0.0 0.0253719882070995 0.0253719882070995
-0.8333333333333334 0.19245008972987526 0.03420175902188906 0.03420175902188906
-0.8333333333333334 0.3849001794597505 0.2714914097227572 0.2714914097227572
-0.8333333333333334 0.5773502691896257 0.7691534541262343 0.7691534541262343
-0.8333333333333334 0.769800358919501 0.2714914271447779 0.2714914271447779
-0.8333333333333334 0.9622504486493763 0.034201652110576644 0.034201652110576644
-0.8333333333333334 1.1547005383792515 0.02537198820709964 0.02537198820709964
-0.6666666666666666 -1.1547005383792515 0.02531286595000015 0.02531286595000015
-0.6666666666666666 -0.9622504486493763 0.029134195799999922 0.029134195799999922
-0.6666666666666666 -0.769800358919501 0.05813825736666675 0.05813825736666675
-0.6666666666666666 -0.5773502691896257 0.08669065638333313 0.08669065638333313
-0.6666666666666666 -0.3849001794597505 0.05813809036666663 0.05813809036666663
-0.6666666666666666 -0.19245008972987526 0.029134231133333396 0.029134231133333396
-0.6666666666666666 0.0 0.025312865950000013 0.025312865950000013
-0.6666666666666666 0.19245008972987526 0.029134195800000096 0.029134195800000096
-0.6666666666666666 0.3849001794597505 0.05813825736666666 0.05813825736666666
-0.6666666666666666 0.5773502691896257 0.08669065638333312 0.08669065638333312
-0.6666666666666666 0.769800358919501 0.05813809036666659 0.05813809036666659
-0.6666666666666666 0.9622504486493763 0.029134231133333202 0.029134231133333202
-0.6666666666666666 1.1547005383792515 0.025312865950000107 0.025312865950000107
-0.5 -1.1547005383792515 0.035615837666666664 0.035615837666666664
-0.5 -0.9622504486493763 0.030681654445554405 0.030681654445554405
-0.5 -0.769800358919501 0.030681654445554374 0.030681654445554374
-0.5 -0.5773502691896257 0.03561583766666678 0.03561583766666678
-0.5 -0.3849001794597505 0.030681957554445645 0.030681957554445645
-0.5 -0.19245008972987526 0.03068195755444566 0.03068195755444566
-0.5 0.0 0.035615837666666636 0.035615837666666636
-0.5 0.19245008972987526 0.030681654445554304 0.030681654445554304
-0.5 0.3849001794597505 0.030681654445554325 0.030681654445554325
-0.5 0.5773502691896257 0.03561583766666676 0.03561583766666676
-0.5 0.769800358919501 0.0306819575544457 0.0306819575544457
-0.5 0.9622504486493763 0.0306819575544457 0.0306819575544457
-0.5 1.1547005383792515 0.03561583766666666 0.03561583766666666
-0.3333333333333333 -1.1547005383792515 0.08669065638333316 0.08669065638333316
-0.3333333333333333 -0.9622504486493763 0.05813825736666673 0.05813825736666673
-0.3333333333333333 -0.769800358919501 0.029134195799999943 0.029134195799999943
-0.3333333333333333 -0.5773502691896257 0.02531286594999992 0.02531286594999992
-0.3333333333333333 -0.3849001794597505 0.029134231133333355 0.029134231133333355
-0.3333333333333333 -0.19245008972987526 0.058138090366666714 0.058138090366666714
-0.3333333333333333 0.0 0.08669065638333318 0.08669065638333318
-0.3333333333333333 0.19245008972987526 0.058138257366666744 0.058138257366666744
-0.3333333333333333 0.3849001794597505 0.029134195800000033 0.029134195800000033
-0.3333333333333333 0.5773502691896257 0.025312865949999933 0.025312865949999933
-0.3333333333333333 0.769800358919501 0.0291342311333333 0.0291342311333333
-0.3333333333333333 0.9622504486493763 0.05813809036666659 0.05813809036666659
-0.3333333333333333 1.1547005383792515 0.08669065638333315 0.08669065638333315
-0.16666666666666666 -1.1547005383792515 0.7691534541262344 0.7691534541262344
-0.16666666666666666 -0.9622504486493763 0.2714914097227573 0.2714914097227573
-0.16666666666666666 -0.769800358919501 0.034201759021889 0.034201759021889
-0.16666666666666666 -0.5773502691896257 0.0253719882070995 0.0253719882070995
-0.16666666666666666 -0.3849001794597505 0.03420165211057652 0.03420165211057652
-0.16666666666666666 -0.19245008972987526 0.27149142714477803 0.27149142714477803
-0.16666666666666666 0.0 0.7691534541262345 0.7691534541262345
-0.16666666666666666 0.19245008972987526 0.2714914097227573 0.2714914097227573
-0.16666666666666666 0.3849001794597505 0.03420175902188899 0.03420175902188899
-0.16666666666666666 0.5773502691896257 0.02537198820709954 0.02537198820709954
-0.16666666666666666 0.769800358919501 0.034201652110576575 0.034201652110576575
-0.16666666666666666 0.9622504486493763 0.27149142714477803 0.27149142714477803
-0.16666666666666666 1.1547005383792515 0.7691534541262344 0.7691534541262344
0.0 -1.1547005383792515 0.8083961280999987 0.8083961280999987
0.0 -0.9622504486493763 0.7530701213999997 0.7530701213999997
0.0 -0.769800358919501 0.04020457726666668 0.04020457726666668
0.0 -0.5773502691896257 0.026169600566666715 0.026169600566666715
0.0 -0.3849001794597505 0.040204577266666645 0.040204577266666645
0.0 -0.19245008972987526 0.7530701213999993 0.7530701213999993
0.0 0.0 0.8083961280999987 0.8083961280999987
0.0 0.19245008972987526 0.7530701213999993 0.7530701213999993
0.0 0.3849001794597505 0.040204577266666645 0.040204577266666645
0.0 0.5773502691896257 0.026169600566666715 0.026169600566666715
0.0 0.769800358919501 0.04020457726666668 0.04020457726666668
0.0 0.9622504486493763 0.7530701213999997 0.7530701213999997
0.0 1.1547005383792515 0.8083961280999987 0.8083961280999987
0.16666666666666666 -1.1547005383792515 0.7691534541262344 0.7691534541262344
0.16666666666666666 -0.9622504486493763 0.27149142714477803 0.27149142714477803
0.16666666666666666 -0.769800358919501 0.034201652110576575 0.034201652110576575
0.16666666666666666 -0.5773502691896257 0.02537198820709954 0.02537198820709954
0.16666666666666666 -0.3849001794597505 0.03420175902188899 0.03420175902188899
0.16666666666666666 -0.19245008972987526 0.2714914097227573 0.2714914097227573
0.16666666666666666 0.0 0.7691534541262345 0.7691534541262345
0.16666666666666666 0.19245008972987526 0.27149142714477803 0.27149142714477803
0.16666666666666666 0.3849001794597505 0.03420165211057652 0.03420165211057652
0.16666666666666666 0.5773502691896257 0.0253719882070995 0.0253719882070995
0.16666666666666666 0.769800358919501 0.034201759021889 0.034201759021889
0.16666666666666666 0.9622504486493763 0.2714914097227573 0.2714914097227573
0.16666666666666666 1.1547005383792515 0.7691534541262344 0.7691534541262344
0.3333333333333333 -1.1547005383792515 0.08669065638333315 0.08669065638333315
0.3333333333333333 -0.9622504486493763 0.05813809036666659 0.05813809036666659
0.3333333333333333 -0.769800358919501 0.0291342311333333 0.0291342311333333
0.3333333333333333 -0.5773502691896257 0.025312865949999933 0.025312865949999933
0.3333333333333333 -0.3849001794597505 0.029134195800000033 0.029134195800000033
0.3333333333333333 -0.19245008972987526 0.058138257366666744 0.058138257366666744
0.3333333333333333 0.0 0.08669065638333318 0.08669065638333318
0.3333333333333333 0.19245008972987526 0.058138090366666714 0.058138090366666714
0.3333333333333333 0.3849001794597505 0.029134231133333355 0.029134231133333355
0.3333333333333333 0.5773502691896257 0.02531286594999992 0.02531286594999992
0.3333333333333333 0.769800358919501 0.029134195799999943 0.029134195799999943
0.3333333333333333 0.9622504486493763 0.05813825736666673 0.05813825736666673
0.3333333333333333 1.1547005383792515 0.08669065638333316 0.08669065638333316
0.5 -1.1547005383792515 0.03561583766666666 0.03561583766666666
0.5 -0.9622504486493763 0.0306819575544457 0.0306819575544457
0.5 -0.769800358919501 0.0306819575544457 0.0306819575544457
0.5 -0.5773502691896257 0.03561583766666676 0.03561583766666676
0.5 -0.3849001794597505 0.030681654445554325 0.030681654445554325
0.5 -0.19245008972987526 0.030681654445554304 0.030681654445554304
0.5 0.0 0.035615837666666636 0.035615837666666636
0.5 0.19245008972987526 0.03068195755444566 0.03068195755444566
0.5 0.3849001794597505 0.030681957554445645 0.030681957554445645
0.5 0.5773502691896257 0.03561583766666678 0.03561583766666678
0.5 0.769800358919501 0.030681654445554374 0.030681654445554374
0.5 0.9622504486493763 0.030681654445554405 0.030681654445554405
0.5 1.1547005383792515 0.035615837666666664 0.035615837666666664
0.6666666666666666 -1.1547005383792515 0.025312865950000107 0.025312865950000107
0.6666666666666666 -0.9622504486493763 0.029134231133333202 0.029134231133333202
0.6666666666666666 -0.769800358919501 0.05813809036666659 0.05813809036666659
0.6666666666666666 -0.5773502691896257 0.08669065638333312 0.08669065638333312
0.6666666666666666 -0.3849001794597505 0.05813825736666666 0.05813825736666666
0.6666666666666666 -0.19245008972987526 0.029134195800000096 0.029134195800000096
0.6666666666666666 0.0 0.025312865950000013 0.025312865950000013
0.6666666666666666 0.19245008972987526 0.029134231133333396 0.029134231133333396
0.6666666666666666 0.3849001794597505 0.05813809036666663 0.05813809036666663
0.6666666666666666 0.5773502691896257 0.08669065638333313 0.08669065638333313
0.6666666666666666 0.769800358919501 0.05813825736666675 0.05813825736666675
0.6666666666666666 0.9622504486493763 0.029134195799999922 0.029134195799999922
0.6666666666666666 1.1547005383792515 0.02531286595000015 0.02531286595000015
0.8333333333333334 -1.1547005383792515 0.02537198820709964 0.02537198820709964
0.8333333333333334 -0.9622504486493763 0.034201652110576644 0.034201652110576644
0.8333333333333334 -0.769800358919501 0.2714914271447779 0.2714914271447779
0.8333333333333334 -0.5773502691896257 0.7691534541262343 0.7691534541262343
0.8333333333333334 -0.3849001794597505 0.2714914097227572 0.2714914097227572
0.8333333333333334 -0.19245008972987526 0.03420175902188906 0.03420175902188906
0.8333333333333334 0.0 0.0253719882070995 0.0253719882070995
0.8333333333333334 0.19245008972987526 0.034201652110576575 0.034201652110576575
0.8333333333333334 0.3849001794597505 0.27149142714477803 0.27149142714477803
0.8333333333333334 0.5773502691896257 0.7691534541262344 0.7691534541262344
0.8333333333333334 0.769800358919501 0.2714914097227574 0.2714914097227574
0.8333333333333334 0.9622504486493763 0.034201759021889135 0.034201759021889135
0.8333333333333334 1.1547005383792515 0.025371988207099714 0.025371988207099714
1.0 -1.1547005383792515 0.026169600566666715 0.026169600566666715
1.0 -0.9622504486493763 0.040204577266666645 0.040204577266666645
1.0 -0.769800358919501 0.7530701213999994 0.7530701213999994
1.0 -0.5773502691896257 0.8083961280999987 0.8083961280999987
1.0 -0.3849001794597505 0.7530701213999998 0.7530701213999998
1.0 -0.19245008972987526 0.040204577266666736 0.040204577266666736
1.0 0.0 0.026169600566666715 0.026169600566666715
1.0 0.19245008972987526 0.04020457726666671 0.04020457726666671
1.0 0.3849001794597505 0.7530701213999997 0.7530701213999997
1.0 0.5773502691896257 0.8083961280999987 0.8083961280999987
1.0 0.769800358919501 0.7530701213999995 0.7530701213999995
1.0 0.9622504486493763 0.040204577266666666 0.040204577266666666
1.0 1.1547005383792515 0.026169600566666715 0.026169600566666715
