-1.0 -1.1547005383792515 0.34748838240555624 0.34757543745166675
-1.0 -0.9622504486493763 0.5159709288749995 0.5159686492547214
-1.0 -0.769800358919501 0.5535241357305558 0.5535244923324996
-1.0 -0.5773502691896257 0.5542792063833335 0.5542795410405549
-1.0 -0.3849001794597505 0.5535241357305563 0.5535244923324996
-1.0 -0.19245008972987526 0.5159709288749991 0.5159686492547214
-1.0 0.0 0.34748838240555624 0.34757543745166675
-1.0 0.19245008972987526 0.5159709288749991 0.5159686492547215
-1.0 0.3849001794597505 0.5535241357305561 0.5535244923324996
-1.0 0.5773502691896257 0.5542792063833335 0.5542795410405549
-1.0 0.769800358919501 0.5535241357305559 0.5535244923324996
-1.0 0.9622504486493763 0.5159709288749993 0.5159686492547214
-1.0 1.1547005383792515 0.34748838240555624 0.34757543745166675
-0.8333333333333334 -1.1547005383792515 0.3068495200586717 0.3069083528909067
-0.8333333333333334 -0.9622504486493763 0.4565172332780579 0.45645832197077846
-0.8333333333333334 -0.769800358919501 0.5493846289980377 0.5493871507209673
-0.8333333333333334 -0.5773502691896257 0.5523900396024396 0.5523902625296492
-0.8333333333333334 -0.3849001794597505 0.5493850490663874 0.5493877013881122
-0.8333333333333334 -0.19245008972987526 0.45647176949640644 0.45641247499958887
-0.8333333333333334 0.0 0.30684952005867183 0.30690835289090657
-0.8333333333333334 0.19245008972987526 0.45651723327805765 0.45645832197077846
-0.8333333333333334 0.3849001794597505 0.5493846289980382 0.5493871507209674
-0.8333333333333334 0.5773502691896257 0.5523900396024394 0.5523902625296493
-0.8333333333333334 0.769800358919501 0.5493850490663874 0.5493877013881121
-0.8333333333333334 0.9622504486493763 0.45647176949640667 0.4564124749995889
-0.8333333333333334 1.1547005383792515 0.3068495200586717 0.3069083528909067
-0.6666666666666666 -1.1547005383792515 0.2861130662916662 0.2861554202547225
-0.6666666666666666 -0.9622504486493763 0.34741831714722254 0.3474207271491669
-0.6666666666666666 -0.769800358919501 0.490423694383333 0.49042323714055497
-0.6666666666666666 -0.5773502691896257 0.5370926704805561 0.537097095165833
-0.6666666666666666 -0.3849001794597505 0.4903489484583329 0.4903486179047219
-0.6666666666666666 -0.19245008972987526 0.34744914273888927 0.3474509845516668
-0.6666666666666666 0.0 0.2861130662916663 0.28615542025472257
-0.6666666666666666 0.19245008972987526 0.34741831714722227 0.3474207271491669
-0.6666666666666666 0.3849001794597505 0.49042369438333294 0.4904232371405551
-0.6666666666666666 0.5773502691896257 0.5370926704805559 0.537097095165833
-0.6666666666666666 0.769800358919501 0.49034894845833277 0.49034861790472195
-0.6666666666666666 0.9622504486493763 0.3474491427388896 0.34745098455166673
-0.6666666666666666 1.1547005383792515 0.2861130662916664 0.28615542025472246
-0.5 -1.1547005383792515 0.35109978283888865 0.35109924691277755
-0.5 -0.9622504486493763 0.37932240644472487 0.3793030698689451
-0.5 -0.769800358919501 0.3793224064447251 0.3793030698689451
-0.5 -0.5773502691896257 0.35109978283888854 0.35109924691277755
-0.5 -0.3849001794597505 0.37935487171638593 0.37933670571827705
-0.5 -0.19245008972987526 0.379354871716386 0.37933670571827705
-0.5 0.0 0.35109978283888854 0.35109924691277755
-0.5 0.19245008972987526 0.379322406444725 0.3793030698689451
-0.5 0.3849001794597505 0.3793224064447249 0.37930306986894496
-0.5 0.5773502691896257 0.35109978283888854 0.3510992469127775
-0.5 0.769800358919501 0.379354871716386 0.37933670571827705
-0.5 0.9622504486493763 0.379354871716386 0.37933670571827716
-0.5 1.1547005383792515 0.35109978283888865 0.3510992469127776
-0.3333333333333333 -1.1547005383792515 0.5370926704805558 0.537097095165833
-0.3333333333333333 -0.9622504486493763 0.4904236943833331 0.4904232371405552
-0.3333333333333333 -0.769800358919501 0.34741831714722227 0.3474207271491669
-0.3333333333333333 -0.5773502691896257 0.28611306629166633 0.28615542025472246
-0.3333333333333333 -0.3849001794597505 0.3474491427388893 0.34745098455166673
-0.3333333333333333 -0.19245008972987526 0.490348948458333 0.4903486179047219
-0.3333333333333333 0.0 0.5370926704805559 0.5370970951658331
-0.3333333333333333 0.19245008972987526 0.4904236943833331 0.49042323714055513
-0.3333333333333333 0.3849001794597505 0.3474183171472224 0.34742072714916694
-0.3333333333333333 0.5773502691896257 0.2861130662916662 0.28615542025472246
-0.3333333333333333 0.769800358919501 0.34744914273888927 0.3474509845516667
-0.3333333333333333 0.9622504486493763 0.49034894845833316 0.490348617904722
-0.3333333333333333 1.1547005383792515 0.5370926704805559 0.537097095165833
-0.16666666666666666 -1.1547005383792515 0.5523900396024396 0.5523902625296493
-0.16666666666666666 -0.9622504486493763 0.5493846289980384 0.5493871507209674
-0.16666666666666666 -0.769800358919501 0.45651723327805754 0.45645832197077846
-0.16666666666666666 -0.5773502691896257 0.30684952005867183 0.3069083528909068
-0.16666666666666666 -0.3849001794597505 0.45647176949640667 0.4564124749995889
-0.16666666666666666 -0.19245008972987526 0.5493850490663874 0.5493877013881121
-0.16666666666666666 0.0 0.5523900396024395 0.5523902625296493
-0.16666666666666666 0.19245008972987526 0.5493846289980381 0.5493871507209673
-0.16666666666666666 0.3849001794597505 0.45651723327805777 0.4564583219707785
-0.16666666666666666 0.5773502691896257 0.30684952005867183 0.3069083528909067
-0.16666666666666666 0.769800358919501 0.45647176949640644 0.4564124749995889
-0.16666666666666666 0.9622504486493763 0.5493850490663874 0.5493877013881121
-0.16666666666666666 1.1547005383792515 0.5523900396024397 0.5523902625296492
0.0 -1.1547005383792515 0.5542792063833335 0.5542795410405549
0.0 -0.9622504486493763 0.553524135730556 0.5535244923324996
0.0 -0.769800358919501 0.5159709288749993 0.5159686492547214
0.0 -0.5773502691896257 0.34748838240555624 0.34757543745166675
0.0 -0.3849001794597505 0.5159709288749994 0.5159686492547214
0.0 -0.19245008972987526 0.5535241357305559 0.5535244923324996
0.0 0.0 0.5542792063833335 0.5542795410405549
0.0 0.19245008972987526 0.5535241357305559 0.5535244923324996
0.0 0.3849001794597505 0.5159709288749994 0.5159686492547214
0.0 0.5773502691896257 0.34748838240555624 0.34757543745166675
0.0 0.769800358919501 0.5159709288749993 0.5159686492547214
0.0 0.9622504486493763 0.553524135730556 0.5535244923324996
0.0 1.1547005383792515 0.5542792063833335 0.5542795410405549
0.16666666666666666 -1.1547005383792515 0.5523900396024397 0.5523902625296492
0.16666666666666666 -0.9622504486493763 0.5493850490663874 0.5493877013881121
0.16666666666666666 -0.769800358919501 0.45647176949640644 0.4564124749995889
0.16666666666666666 -0.5773502691896257 0.30684952005867183 0.3069083528909067
0.16666666666666666 -0.3849001794597505 0.45651723327805777 0.4564583219707785
0.16666666666666666 -0.19245008972987526 0.5493846289980381 0.5493871507209673
0.16666666666666666 0.0 0.5523900396024395 0.5523902625296493
0.16666666666666666 0.19245008972987526 0.5493850490663874 0.5493877013881121
0.16666666666666666 0.3849001794597505 0.45647176949640667 0.4564124749995889
0.16666666666666666 0.5773502691896257 0.30684952005867183 0.3069083528909068
0.16666666666666666 0.769800358919501 0.45651723327805754 0.45645832197077846
0.16666666666666666 0.9622504486493763 0.5493846289980384 0.5493871507209674
0.16666666666666666 1.1547005383792515 0.5523900396024396 0.5523902625296493
0.3333333333333333 -1.1547005383792515 0.5370926704805559 0.537097095165833
0.3333333333333333 -0.9622504486493763 0.49034894845833316 0.490348617904722
0.3333333333333333 -0.769800358919501 0.34744914273888927 0.3474509845516667
0.3333333333333333 -0.5773502691896257 0.2861130662916662 0.28615542025472246
0.3333333333333333 -0.3849001794597505 0.3474183171472224 0.34742072714916694
0.3333333333333333 -0.19245008972987526 0.4904236943833331 0.49042323714055513
0.3333333333333333 0.0 0.5370926704805559 0.5370970951658331
0.3333333333333333 0.19245008972987526 0.490348948458333 0.4903486179047219
0.3333333333333333 0.3849001794597505 0.3474491427388893 0.34745098455166673
0.3333333333333333 0.5773502691896257 0.28611306629166633 0.28615542025472246
0.3333333333333333 0.769800358919501 0.34741831714722227 0.3474207271491669
0.3333333333333333 0.9622504486493763 0.4904236943833331 0.4904232371405552
0.3333333333333333 1.1547005383792515 0.5370926704805558 0.537097095165833
0.5 -1.1547005383792515 0.35109978283888865 0.3510992469127776
0.5 -0.9622504486493763 0.379354871716386 0.37933670571827716
0.5 -0.769800358919501 0.379354871716386 0.37933670571827705
0.5 -0.5773502691896257 0.35109978283888854 0.3510992469127775
0.5 -0.3849001794597505 0.3793224064447249 0.37930306986894496
0.5 -0.19245008972987526 0.379322406444725 0.3793030698689451
0.5 0.0 0.35109978283888854 0.35109924691277755
0.5 0.19245008972987526 0.379354871716386 0.37933670571827705
0.5 0.3849001794597505 0.37935487171638593 0.37933670571827705
0.5 0.5773502691896257 0.35109978283888854 0.35109924691277755
0.5 0.769800358919501 0.3793224064447251 0.3793030698689451
0.5 0.9622504486493763 0.37932240644472487 0.3793030698689451
0.5 1.1547005383792515 0.35109978283888865 0.35109924691277755
0.6666666666666666 -1.1547005383792515 0.2861130662916664 0.28615542025472246
0.6666666666666666 -0.9622504486493763 0.3474491427388896 0.34745098455166673
0.6666666666666666 -0.769800358919501 0.49034894845833277 0.49034861790472195
0.6666666666666666 -0.5773502691896257 0.5370926704805559 0.537097095165833
0.6666666666666666 -0.3849001794597505 0.49042369438333294 0.4904232371405551
0.6666666666666666 -0.19245008972987526 0.34741831714722227 0.3474207271491669
0.6666666666666666 0.0 0.2861130662916663 0.28615542025472257
0.6666666666666666 0.19245008972987526 0.34744914273888927 0.3474509845516668
0.6666666666666666 0.3849001794597505 0.4903489484583329 0.4903486179047219
0.6666666666666666 0.5773502691896257 0.5370926704805561 0.537097095165833
0.6666666666666666 0.769800358919501 0.490423694383333 0.49042323714055497
0.6666666666666666 0.9622504486493763 0.34741831714722254 0.3474207271491669
0.6666666666666666 1.1547005383792515 0.2861130662916662 0.2861554202547225
0.8333333333333334 -1.1547005383792515 0.3068495200586717 0.3069083528909067
0.8333333333333334 -0.9622504486493763 0.45647176949640667 0.4564124749995889
0.8333333333333334 -0.769800358919501 0.5493850490663874 0.5493877013881121
0.8333333333333334 -0.5773502691896257 0.5523900396024394 0.5523902625296493
0.8333333333333334 -0.3849001794597505 0.5493846289980382 0.5493871507209674
0.8333333333333334 -0.19245008972987526 0.45651723327805765 0.45645832197077846
0.8333333333333334 0.0 0.30684952005867183 0.30690835289090657
0.8333333333333334 0.19245008972987526 0.45647176949640644 0.45641247499958887
0.8333333333333334 0.3849001794597505 0.5493850490663874 0.5493877013881122
0.8333333333333334 0.5773502691896257 0.5523900396024396 0.5523902625296492
0.8333333333333334 0.769800358919501 0.5493846289980377 0.5493871507209673
0.8333333333333334 0.9622504486493763 0.4565172332780579 0.45645832197077846
0.8333333333333334 1.1547005383792515 0.3068495200586717 0.3069083528909067
1.0 -1.1547005383792515 0.34748838240555624 0.34757543745166675
1.0 -0.9622504486493763 0.5159709288749993 0.5159686492547214
1.0 -0.769800358919501 0.5535241357305559 0.5535244923324996
1.0 -0.5773502691896257 0.5542792063833335 0.5542795410405549
1.0 -0.3849001794597505 0.5535241357305561 0.5535244923324996
1.0 -0.19245008972987526 0.5159709288749991 0.5159686492547215
1.0 0.0 0.34748838240555624 0.34757543745166675
1.0 0.19245008972987526 0.5159709288749991 0.5159686492547214
1.0 0.3849001794597505 0.5535241357305563 0.5535244923324996
1.0 0.5773502691896257 0.5542792063833335 0.5542795410405549
1.0 0.769800358919501 0.5535241357305558 0.5535244923324996
1.0 0.9622504486493763 0.5159709288749995 0.5159686492547214
1.0 1.1547005383792515 0.34748838240555624 0.34757543745166675
