-1.0 -1.1547005383792515 2.333333333333333 0.025827815600000022 0.025827849933333355
-1.0 -0.9622504486493763 1.925925925925926 0.038543435600000175 0.03854346141666687
-1.0 -0.769800358919501 1.5925925925925926 0.7541760158999996 0.7541760542833329
-1.0 -0.5773502691896257 1.3333333333333333 0.8110498572000004 0.8110499024666668
-1.0 -0.3849001794597505 1.1481481481481481 0.7541760158999996 0.7541760542833331
-1.0 -0.19245008972987526 1.037037037037037 0.038543435600000106 0.03854346141666679
-1.0 0.0 1.0 0.025827815600000022 0.025827849933333355
-1.0 0.19245008972987526 1.037037037037037 0.03854343560000021 0.03854346141666688
-1.0 0.3849001794597505 1.1481481481481481 0.7541760158999998 0.7541760542833331
-1.0 0.5773502691896257 1.3333333333333333 0.8110498572000004 0.8110499024666668
-1.0 0.769800358919501 1.5925925925925926 0.7541760158999995 0.7541760542833328
-1.0 0.9622504486493763 1.925925925925926 0.038543435600000155 0.03854346141666681
-1.0 1.1547005383792515 2.333333333333333 0.025827815600000022 0.025827849933333355
-0.9 -1.1547005383792515 2.1433333333333335 0.02549156706182836 0.025491588997141934
-0.9 -0.9622504486493763 1.735925925925926 0.03575898271132472 0.03575900931193129
-0.9 -0.769800358919501 1.4025925925925926 0.6156078195698679 0.6156078575397033
-0.9 -0.5773502691896257 1.1433333333333333 0.8034330476831572 0.8034330887599798
-0.9 -0.3849001794597505 0.9581481481481482 0.6155921897123945 0.6155922140818237
-0.9 -0.19245008972987526 0.8470370370370371 0.035756472392662456 0.03575649531669284
-0.9 0.0 0.81 0.0254915670618286 0.02549158899714217
-0.9 0.19245008972987526 0.8470370370370371 0.035758982711324716 0.03575900931193126
-0.9 0.3849001794597505 0.9581481481481482 0.615607819569868 0.6156078575397034
-0.9 0.5773502691896257 1.1433333333333333 0.8034330476831572 0.8034330887599799
-0.9 0.769800358919501 1.4025925925925926 0.6155921897123946 0.6155922140818239
-0.9 0.9622504486493763 1.735925925925926 0.035756472392662435 0.03575649531669285
-0.9 1.1547005383792515 2.1433333333333335 0.025491567061828403 0.025491588997142014
-0.8 -1.1547005383792515 1.9733333333333334 0.02457765552082629 0.024577661581525818
-0.8 -0.9622504486493763 1.5659259259259262 0.030532995753386097 0.03053300091600776
-0.8 -0.769800358919501 1.2325925925925927 0.1118814508961068 0.11188145773347567
-0.8 -0.5773502691896257 0.9733333333333334 0.751735710180603 0.7517357294633865
-0.8 -0.3849001794597505 0.7881481481481483 0.11188326543274472 0.11188327313202269
-0.8 -0.19245008972987526 0.6770370370370372 0.030527351851351917 0.030527351675428676
-0.8 0.0 0.6400000000000001 0.024577655520826407 0.02457766158152591
-0.8 0.19245008972987526 0.6770370370370372 0.030532995753386034 0.03053300091600774
-0.8 0.3849001794597505 0.7881481481481483 0.1118814508961068 0.11188145773347564
-0.8 0.5773502691896257 0.9733333333333334 0.7517357101806027 0.7517357294633862
-0.8 0.769800358919501 1.2325925925925927 0.11188326543274463 0.11188327313202258
-0.8 0.9622504486493763 1.5659259259259262 0.03052735185135196 0.03052735167542874
-0.8 1.1547005383792515 1.9733333333333334 0.024577655520826205 0.024577661581525734
-0.7 -1.1547005383792515 1.8233333333333333 0.023854211321523617 0.023854190516390806
-0.7 -0.9622504486493763 1.4159259259259258 0.02727860746889363 0.027278596327064204
-0.7 -0.769800358919501 1.0825925925925926 0.05839406091266948 0.05839405963634013
-0.7 -0.5773502691896257 0.8233333333333333 0.10740389073348973 0.10740386475982032
-0.7 -0.3849001794597505 0.6381481481481481 0.05838749527534306 0.05838748581396754
-0.7 -0.19245008972987526 0.527037037037037 0.027276363256842635 0.027276354339141946
-0.7 0.0 0.48999999999999994 0.023854211321523534 0.023854190516390716
-0.7 0.19245008972987526 0.527037037037037 0.02727860746889352 0.027278596327064048
-0.7 0.3849001794597505 0.6381481481481481 0.0583940609126696 0.05839405963634025
-0.7 0.5773502691896257 0.8233333333333333 0.10740389073348988 0.10740386475982044
-0.7 0.769800358919501 1.0825925925925926 0.05838749527534298 0.058387485813967493
-0.7 0.9622504486493763 1.4159259259259258 0.027276363256842812 0.027276354339142123
-0.7 1.1547005383792515 1.8233333333333333 0.023854211321523638 0.023854190516390806
-0.6 -1.1547005383792515 1.6933333333333334 0.024812467936064373 0.024812442236614007
-0.6 -0.9622504486493763 1.285925925925926 0.026711675622026684 0.02671164314206608
-0.6 -0.769800358919501 0.9525925925925927 0.03629646546236568 0.036296444378865034
-0.6 -0.5773502691896257 0.6933333333333334 0.05348700162917356 0.053486977018473957
-0.6 -0.3849001794597505 0.5081481481481481 0.03629275261622925 0.03629271957969814
-0.6 -0.19245008972987526 0.397037037037037 0.02671708919912138 0.026717071742435382
-0.6 0.0 0.36 0.024812467936064366 0.024812442236614007
-0.6 0.19245008972987526 0.397037037037037 0.02671167562202656 0.02671164314206596
-0.6 0.3849001794597505 0.5081481481481481 0.036296465462365604 0.036296444378865006
-0.6 0.5773502691896257 0.6933333333333334 0.05348700162917363 0.05348697701847404
-0.6 0.769800358919501 0.9525925925925927 0.03629275261622928 0.036292719579698124
-0.6 0.9622504486493763 1.285925925925926 0.026717089199121587 0.026717071742435566
-0.6 1.1547005383792515 1.6933333333333334 0.024812467936064363 0.024812442236613996
-0.5 -1.1547005383792515 1.5833333333333333 0.03324811153333332 0.03324808046666665
-0.5 -0.9622504486493763 1.175925925925926 0.02794833462079574 0.027948299317784277
-0.5 -0.769800358919501 0.8425925925925927 0.027948334620795677 0.02794829931778423
-0.5 -0.5773502691896257 0.5833333333333333 0.03324811153333347 0.0332480804666668
-0.5 -0.3849001794597505 0.39814814814814814 0.02795367574587093 0.027953650315549063
-0.5 -0.19245008972987526 0.28703703703703703 0.027953675745870897 0.027953650315549045
-0.5 0.0 0.25 0.033248111533333374 0.03324808046666669
-0.5 0.19245008972987526 0.28703703703703703 0.027948334620795715 0.027948299317784236
-0.5 0.3849001794597505 0.39814814814814814 0.02794833462079569 0.027948299317784243
-0.5 0.5773502691896257 0.5833333333333333 0.033248111533333485 0.0332480804666668
-0.5 0.769800358919501 0.8425925925925927 0.027953675745870932 0.027953650315549066
-0.5 0.9622504486493763 1.175925925925926 0.027953675745871005 0.02795365031554916
-0.5 1.1547005383792515 1.5833333333333333 0.0332481115333333 0.033248080466666635
-0.4 -1.1547005383792515 1.4933333333333332 0.05348700162917353 0.05348697701847395
-0.4 -0.9622504486493763 1.085925925925926 0.0362964654623656 0.03629644437886495
-0.4 -0.769800358919501 0.7525925925925927 0.026711675622026722 0.026711643142066116
-0.4 -0.5773502691896257 0.49333333333333335 0.02481246793606448 0.024812442236614114
-0.4 -0.3849001794597505 0.30814814814814817 0.026717089199121486 0.026717071742435504
-0.4 -0.19245008972987526 0.19703703703703707 0.0362927526162293 0.03629271957969817
-0.4 0.0 0.16000000000000003 0.05348700162917368 0.05348697701847407
-0.4 0.19245008972987526 0.19703703703703707 0.03629646546236583 0.03629644437886516
-0.4 0.3849001794597505 0.30814814814814817 0.026711675622026643 0.026711643142066036
-0.4 0.5773502691896257 0.49333333333333335 0.02481246793606446 0.0248124422366141
-0.4 0.769800358919501 0.7525925925925927 0.026717089199121635 0.026717071742435643
-0.4 0.9622504486493763 1.085925925925926 0.03629275261622917 0.03629271957969804
-0.4 1.1547005383792515 1.4933333333333332 0.05348700162917359 0.05348697701847403
-0.3 -1.1547005383792515 1.4233333333333333 0.1074038907334899 0.10740386475982051
-0.3 -0.9622504486493763 1.015925925925926 0.05839406091266953 0.05839405963634014
-0.3 -0.769800358919501 0.6825925925925926 0.02727860746889349 0.027278596327064045
-0.3 -0.5773502691896257 0.42333333333333334 0.023854211321523544 0.02385419051639072
-0.3 -0.3849001794597505 0.23814814814814816 0.02727636325684241 0.027276354339141728
-0.3 -0.19245008972987526 0.12703703703703703 0.05838749527534311 0.05838748581396758
-0.3 0.0 0.09 0.10740389073348998 0.1074038647598206
-0.3 0.19245008972987526 0.12703703703703703 0.05839406091266966 0.058394059636340326
-0.3 0.3849001794597505 0.23814814814814816 0.027278607468893393 0.02727859632706393
-0.3 0.5773502691896257 0.42333333333333334 0.02385421132152354 0.023854190516390702
-0.3 0.769800358919501 0.6825925925925926 0.02727636325684248 0.02727635433914181
-0.3 0.9622504486493763 1.015925925925926 0.05838749527534311 0.05838748581396758
-0.3 1.1547005383792515 1.4233333333333333 0.10740389073348973 0.1074038647598204
-0.2 -1.1547005383792515 1.3733333333333333 0.751735710180603 0.7517357294633862
-0.2 -0.9622504486493763 0.965925925925926 0.11188145089610688 0.1118814577334757
-0.2 -0.769800358919501 0.6325925925925927 0.030532995753386284 0.03053300091600797
-0.2 -0.5773502691896257 0.3733333333333333 0.024577655520826514 0.02457766158152603
-0.2 -0.3849001794597505 0.18814814814814818 0.03052735185135208 0.030527351675428846
-0.2 -0.19245008972987526 0.07703703703703704 0.11188326543274493 0.11188327313202276
-0.2 0.0 0.04000000000000001 0.7517357101806029 0.7517357294633863
-0.2 0.19245008972987526 0.07703703703703704 0.11188145089610689 0.11188145773347567
-0.2 0.3849001794597505 0.18814814814814818 0.030532995753386187 0.03053300091600787
-0.2 0.5773502691896257 0.3733333333333333 0.024577655520826594 0.024577661581526116
-0.2 0.769800358919501 0.6325925925925927 0.030527351851352115 0.030527351675428888
-0.2 0.9622504486493763 0.965925925925926 0.11188326543274478 0.11188327313202272
-0.2 1.1547005383792515 1.3733333333333333 0.751735710180603 0.7517357294633867
-0.1 -1.1547005383792515 1.3433333333333333 0.8034330476831566 0.8034330887599793
-0.1 -0.9622504486493763 0.9359259259259259 0.6156078195698681 0.6156078575397035
-0.1 -0.769800358919501 0.6025925925925927 0.03575898271132493 0.03575900931193148
-0.1 -0.5773502691896257 0.3433333333333333 0.025491567061828525 0.025491588997142104
-0.1 -0.3849001794597505 0.15814814814814818 0.035756472392662615 0.035756495316693
-0.1 -0.19245008972987526 0.047037037037037044 0.6155921897123946 0.6155922140818239
-0.1 0.0 0.010000000000000002 0.803433047683157 0.8034330887599797
-0.1 0.19245008972987526 0.047037037037037044 0.615607819569868 0.6156078575397035
-0.1 0.3849001794597505 0.15814814814814818 0.035758982711324806 0.03575900931193135
-0.1 0.5773502691896257 0.3433333333333333 0.02549156706182851 0.025491588997142073
-0.1 0.769800358919501 0.6025925925925927 0.03575647239266267 0.03575649531669307
-0.1 0.9622504486493763 0.9359259259259259 0.6155921897123949 0.6155922140818242
-0.1 1.1547005383792515 1.3433333333333333 0.803433047683157 0.8034330887599798
0.0 -1.1547005383792515 1.3333333333333333 0.8110498572000004 0.8110499024666668
0.0 -0.9622504486493763 0.9259259259259259 0.7541760158999996 0.7541760542833329
0.0 -0.769800358919501 0.5925925925925927 0.03854343560000023 0.0385434614166669
0.0 -0.5773502691896257 0.3333333333333333 0.025827815600000022 0.025827849933333355
0.0 -0.3849001794597505 0.14814814814814817 0.03854343560000012 0.038543461416666806
0.0 -0.19245008972987526 0.03703703703703704 0.7541760158999997 0.754176054283333
0.0 0.0 0.0 0.8110498572000004 0.8110499024666668
0.0 0.19245008972987526 0.03703703703703704 0.7541760158999997 0.754176054283333
0.0 0.3849001794597505 0.14814814814814817 0.03854343560000012 0.038543461416666806
0.0 0.5773502691896257 0.3333333333333333 0.025827815600000022 0.025827849933333355
0.0 0.769800358919501 0.5925925925925927 0.03854343560000023 0.0385434614166669
0.0 0.9622504486493763 0.9259259259259259 0.7541760158999996 0.7541760542833329
0.0 1.1547005383792515 1.3333333333333333 0.8110498572000004 0.8110499024666668
0.1 -1.1547005383792515 1.3433333333333333 0.803433047683157 0.8034330887599798
0.1 -0.9622504486493763 0.9359259259259259 0.6155921897123949 0.6155922140818242
0.1 -0.769800358919501 0.6025925925925927 0.03575647239266267 0.03575649531669307
0.1 -0.5773502691896257 0.3433333333333333 0.02549156706182851 0.025491588997142073
0.1 -0.3849001794597505 0.15814814814814818 0.035758982711324806 0.03575900931193135
0.1 -0.19245008972987526 0.047037037037037044 0.615607819569868 0.6156078575397035
0.1 0.0 0.010000000000000002 0.803433047683157 0.8034330887599797
0.1 0.19245008972987526 0.047037037037037044 0.6155921897123946 0.6155922140818239
0.1 0.3849001794597505 0.15814814814814818 0.035756472392662615 0.035756495316693
0.1 0.5773502691896257 0.3433333333333333 0.025491567061828525 0.025491588997142104
0.1 0.769800358919501 0.6025925925925927 0.03575898271132493 0.03575900931193148
0.1 0.9622504486493763 0.9359259259259259 0.6156078195698681 0.6156078575397035
0.1 1.1547005383792515 1.3433333333333333 0.8034330476831566 0.8034330887599793
0.2 -1.1547005383792515 1.3733333333333333 0.751735710180603 0.7517357294633867
0.2 -0.9622504486493763 0.965925925925926 0.11188326543274478 0.11188327313202272
0.2 -0.769800358919501 0.6325925925925927 0.030527351851352115 0.030527351675428888
0.2 -0.5773502691896257 0.3733333333333333 0.024577655520826594 0.024577661581526116
0.2 -0.3849001794597505 0.18814814814814818 0.030532995753386187 0.03053300091600787
0.2 -0.19245008972987526 0.07703703703703704 0.11188145089610689 0.11188145773347567
0.2 0.0 0.04000000000000001 0.7517357101806029 0.7517357294633863
0.2 0.19245008972987526 0.07703703703703704 0.11188326543274493 0.11188327313202276
0.2 0.3849001794597505 0.18814814814814818 0.03052735185135208 0.030527351675428846
0.2 0.5773502691896257 0.3733333333333333 0.024577655520826514 0.02457766158152603
0.2 0.769800358919501 0.6325925925925927 0.030532995753386284 0.03053300091600797
0.2 0.9622504486493763 0.965925925925926 0.11188145089610688 0.1118814577334757
0.2 1.1547005383792515 1.3733333333333333 0.751735710180603 0.7517357294633862
0.3 -1.1547005383792515 1.4233333333333333 0.10740389073348973 0.1074038647598204
0.3 -0.9622504486493763 1.015925925925926 0.05838749527534311 0.05838748581396758
0.3 -0.769800358919501 0.6825925925925926 0.02727636325684248 0.02727635433914181
0.3 -0.5773502691896257 0.42333333333333334 0.02385421132152354 0.023854190516390702
0.3 -0.3849001794597505 0.23814814814814816 0.027278607468893393 0.02727859632706393
0.3 -0.19245008972987526 0.12703703703703703 0.05839406091266966 0.058394059636340326
0.3 0.0 0.09 0.10740389073348998 0.1074038647598206
0.3 0.19245008972987526 0.12703703703703703 0.05838749527534311 0.05838748581396758
0.3 0.3849001794597505 0.23814814814814816 0.02727636325684241 0.027276354339141728
0.3 0.5773502691896257 0.42333333333333334 0.023854211321523544 0.02385419051639072
0.3 0.769800358919501 0.6825925925925926 0.02727860746889349 0.027278596327064045
0.3 0.9622504486493763 1.015925925925926 0.05839406091266953 0.05839405963634014
0.3 1.1547005383792515 1.4233333333333333 0.1074038907334899 0.10740386475982051
0.4 -1.1547005383792515 1.4933333333333332 0.05348700162917359 0.05348697701847403
0.4 -0.9622504486493763 1.085925925925926 0.03629275261622917 0.03629271957969804
0.4 -0.769800358919501 0.7525925925925927 0.026717089199121635 0.026717071742435643
0.4 -0.5773502691896257 0.49333333333333335 0.02481246793606446 0.0248124422366141
0.4 -0.3849001794597505 0.30814814814814817 0.026711675622026643 0.026711643142066036
0.4 -0.19245008972987526 0.19703703703703707 0.03629646546236583 0.03629644437886516
0.4 0.0 0.16000000000000003 0.05348700162917368 0.05348697701847407
0.4 0.19245008972987526 0.19703703703703707 0.0362927526162293 0.03629271957969817
0.4 0.3849001794597505 0.30814814814814817 0.026717089199121486 0.026717071742435504
0.4 0.5773502691896257 0.49333333333333335 0.02481246793606448 0.024812442236614114
0.4 0.769800358919501 0.7525925925925927 0.026711675622026722 0.026711643142066116
0.4 0.9622504486493763 1.085925925925926 0.0362964654623656 0.03629644437886495
0.4 1.1547005383792515 1.4933333333333332 0.05348700162917353 0.05348697701847395
0.5 -1.1547005383792515 1.5833333333333333 0.0332481115333333 0.033248080466666635
0.5 -0.9622504486493763 1.175925925925926 0.027953675745871005 0.02795365031554916
0.5 -0.769800358919501 0.8425925925925927 0.027953675745870932 0.027953650315549066
0.5 -0.5773502691896257 0.5833333333333333 0.033248111533333485 0.0332480804666668
0.5 -0.3849001794597505 0.39814814814814814 0.02794833462079569 0.027948299317784243
0.5 -0.19245008972987526 0.28703703703703703 0.027948334620795715 0.027948299317784236
0.5 0.0 0.25 0.033248111533333374 0.03324808046666669
0.5 0.19245008972987526 0.28703703703703703 0.027953675745870897 0.027953650315549045
0.5 0.3849001794597505 0.39814814814814814 0.02795367574587093 0.027953650315549063
0.5 0.5773502691896257 0.5833333333333333 0.03324811153333347 0.0332480804666668
0.5 0.769800358919501 0.8425925925925927 0.027948334620795677 0.02794829931778423
0.5 0.9622504486493763 1.175925925925926 0.02794833462079574 0.027948299317784277
0.5 1.1547005383792515 1.5833333333333333 0.03324811153333332 0.03324808046666665
0.6 -1.1547005383792515 1.6933333333333334 0.024812467936064363 0.024812442236613996
0.6 -0.9622504486493763 1.285925925925926 0.026717089199121587 0.026717071742435566
0.6 -0.769800358919501 0.9525925925925927 0.03629275261622928 0.036292719579698124
0.6 -0.5773502691896257 0.6933333333333334 0.05348700162917363 0.05348697701847404
0.6 -0.3849001794597505 0.5081481481481481 0.036296465462365604 0.036296444378865006
0.6 -0.19245008972987526 0.397037037037037 0.02671167562202656 0.02671164314206596
0.6 0.0 0.36 0.024812467936064366 0.024812442236614007
0.6 0.19245008972987526 0.397037037037037 0.02671708919912138 0.026717071742435382
0.6 0.3849001794597505 0.5081481481481481 0.03629275261622925 0.03629271957969814
0.6 0.5773502691896257 0.6933333333333334 0.05348700162917356 0.053486977018473957
0.6 0.769800358919501 0.9525925925925927 0.03629646546236568 0.036296444378865034
0.6 0.9622504486493763 1.285925925925926 0.026711675622026684 0.02671164314206608
0.6 1.1547005383792515 1.6933333333333334 0.024812467936064373 0.024812442236614007
0.7 -1.1547005383792515 1.8233333333333333 0.023854211321523638 0.023854190516390806
0.7 -0.9622504486493763 1.4159259259259258 0.027276363256842812 0.027276354339142123
0.7 -0.769800358919501 1.0825925925925926 0.05838749527534298 0.058387485813967493
0.7 -0.5773502691896257 0.8233333333333333 0.10740389073348988 0.10740386475982044
0.7 -0.3849001794597505 0.6381481481481481 0.0583940609126696 0.05839405963634025
0.7 -0.19245008972987526 0.527037037037037 0.02727860746889352 0.027278596327064048
0.7 0.0 0.48999999999999994 0.023854211321523534 0.023854190516390716
0.7 0.19245008972987526 0.527037037037037 0.027276363256842635 0.027276354339141946
0.7 0.3849001794597505 0.6381481481481481 0.05838749527534306 0.05838748581396754
0.7 0.5773502691896257 0.8233333333333333 0.10740389073348973 0.10740386475982032
0.7 0.769800358919501 1.0825925925925926 0.05839406091266948 0.05839405963634013
0.7 0.9622504486493763 1.4159259259259258 0.02727860746889363 0.027278596327064204
0.7 1.1547005383792515 1.8233333333333333 0.023854211321523617 0.023854190516390806
0.8 -1.1547005383792515 1.9733333333333334 0.024577655520826205 0.024577661581525734
0.8 -0.9622504486493763 1.5659259259259262 0.03052735185135196 0.03052735167542874
0.8 -0.769800358919501 1.2325925925925927 0.11188326543274463 0.11188327313202258
0.8 -0.5773502691896257 0.9733333333333334 0.7517357101806027 0.7517357294633862
0.8 -0.3849001794597505 0.7881481481481483 0.1118814508961068 0.11188145773347564
0.8 -0.19245008972987526 0.6770370370370372 0.030532995753386034 0.03053300091600774
0.8 0.0 0.6400000000000001 0.024577655520826407 0.02457766158152591
0.8 0.19245008972987526 0.6770370370370372 0.030527351851351917 0.030527351675428676
0.8 0.3849001794597505 0.7881481481481483 0.11188326543274472 0.11188327313202269
0.8 0.5773502691896257 0.9733333333333334 0.751735710180603 0.7517357294633865
0.8 0.769800358919501 1.2325925925925927 0.1118814508961068 0.11188145773347567
0.8 0.9622504486493763 1.5659259259259262 0.030532995753386097 0.03053300091600776
0.8 1.1547005383792515 1.9733333333333334 0.02457765552082629 0.024577661581525818
0.9 -1.1547005383792515 2.1433333333333335 0.025491567061828403 0.025491588997142014
0.9 -0.9622504486493763 1.735925925925926 0.035756472392662435 0.03575649531669285
0.9 -0.769800358919501 1.4025925925925926 0.6155921897123946 0.6155922140818239
0.9 -0.5773502691896257 1.1433333333333333 0.8034330476831572 0.8034330887599799
0.9 -0.3849001794597505 0.9581481481481482 0.615607819569868 0.6156078575397034
0.9 -0.19245008972987526 0.8470370370370371 0.035758982711324716 0.03575900931193126
0.9 0.0 0.81 0.0254915670618286 0.02549158899714217
0.9 0.19245008972987526 0.8470370370370371 0.035756472392662456 0.03575649531669284
0.9 0.3849001794597505 0.9581481481481482 0.6155921897123945 0.6155922140818237
0.9 0.5773502691896257 1.1433333333333333 0.8034330476831572 0.8034330887599798
0.9 0.769800358919501 1.4025925925925926 0.6156078195698679 0.6156078575397033
0.9 0.9622504486493763 1.735925925925926 0.03575898271132472 0.03575900931193129
0.9 1.1547005383792515 2.1433333333333335 0.02549156706182836 0.025491588997141934
1.0 -1.1547005383792515 2.333333333333333 0.025827815600000022 0.025827849933333355
1.0 -0.9622504486493763 1.925925925925926 0.038543435600000155 0.03854346141666681
1.0 -0.769800358919501 1.5925925925925926 0.7541760158999995 0.7541760542833328
1.0 -0.5773502691896257 1.3333333333333333 0.8110498572000004 0.8110499024666668
1.0 -0.3849001794597505 1.1481481481481481 0.7541760158999998 0.7541760542833331
1.0 -0.19245008972987526 1.037037037037037 0.03854343560000021 0.03854346141666688
1.0 0.0 1.0 0.025827815600000022 0.025827849933333355
1.0 0.19245008972987526 1.037037037037037 0.038543435600000106 0.03854346141666679
1.0 0.3849001794597505 1.1481481481481481 0.7541760158999996 0.7541760542833331
1.0 0.5773502691896257 1.3333333333333333 0.8110498572000004 0.8110499024666668
1.0 0.769800358919501 1.5925925925925926 0.7541760158999996 0.7541760542833329
1.0 0.9622504486493763 1.925925925925926 0.038543435600000175 0.03854346141666687
1.0 1.1547005383792515 2.333333333333333 0.025827815600000022 0.025827849933333355
