-1.0 -1.1547005383792515 0.3542299316157788 0.3542385908030573
-1.0 -0.9622504486493763 0.5135642006179988 0.5135555280826382
-1.0 -0.769800358919501 0.553644196866612 0.553644557240139
-1.0 -0.5773502691896257 0.5544900342796661 0.5544902869113889
-1.0 -0.3849001794597505 0.553644196866612 0.553644557240139
-1.0 -0.19245008972987526 0.5135642006179991 0.513555528082638
-1.0 0.0 0.3542299316157788 0.3542385908030573
-1.0 0.19245008972987526 0.5135642006179993 0.5135555280826382
-1.0 0.3849001794597505 0.5536441968666121 0.553644557240139
-1.0 0.5773502691896257 0.5544900342796661 0.5544902869113889
-1.0 0.769800358919501 0.553644196866612 0.553644557240139
-1.0 0.9622504486493763 0.5135642006179989 0.5135555280826379
-1.0 1.1547005383792515 0.3542299316157788 0.3542385908030573
-0.9166666666666666 -1.1547005383792515 0.34013557400826894 0.3401583238015489
-0.9166666666666666 -0.9622504486493763 0.50450966903657 0.5045046167856018
-0.9166666666666666 -0.769800358919501 0.5530104538110031 0.553010511370008
-0.9166666666666666 -0.5773502691896257 0.5543188577460056 0.5543191360170582
-0.9166666666666666 -0.3849001794597505 0.5530076774251687 0.5530077657386105
-0.9166666666666666 -0.19245008972987526 0.5044884470082559 0.5044833965433734
-0.9166666666666666 0.0 0.34013557400826894 0.34015832380154887
-0.9166666666666666 0.19245008972987526 0.5045096690365698 0.5045046167856015
-0.9166666666666666 0.3849001794597505 0.5530104538110031 0.5530105113700079
-0.9166666666666666 0.5773502691896257 0.5543188577460053 0.5543191360170583
-0.9166666666666666 0.769800358919501 0.553007677425169 0.5530077657386104
-0.9166666666666666 0.9622504486493763 0.5044884470082559 0.504483396543373
-0.9166666666666666 1.1547005383792515 0.34013557400826916 0.340158323801549
-0.8333333333333334 -1.1547005383792515 0.31075756905885027 0.3107699092755011
-0.8333333333333334 -0.9622504486493763 0.4589448855312951 0.4589322950564374
-0.8333333333333334 -0.769800358919501 0.5500347520770841 0.5500346620143588
-0.8333333333333334 -0.5773502691896257 0.5532829691270934 0.5532840339489448
-0.8333333333333334 -0.3849001794597505 0.5500316216904824 0.5500314931855065
-0.8333333333333334 -0.19245008972987526 0.4588897139921941 0.45887619120091905
-0.8333333333333334 0.0 0.31075756905885044 0.3107699092755008
-0.8333333333333334 0.19245008972987526 0.4589448855312952 0.45893229505643746
-0.8333333333333334 0.3849001794597505 0.5500347520770841 0.550034662014359
-0.8333333333333334 0.5773502691896257 0.5532829691270935 0.5532840339489445
-0.8333333333333334 0.769800358919501 0.5500316216904827 0.5500314931855066
-0.8333333333333334 0.9622504486493763 0.45888971399219397 0.45887619120091916
-0.8333333333333334 1.1547005383792515 0.3107575690588505 0.31076990927550063
-0.75 -1.1547005383792515 0.2876608449763984 0.28766617059802024
-0.75 -0.9622504486493763 0.382935806725994 0.3829096990725268
-0.75 -0.769800358919501 0.5384640395821746 0.5384661762469732
-0.75 -0.5773502691896257 0.5506302875586009 0.5506303164853151
-0.75 -0.3849001794597505 0.5384440388139836 0.5384459669918756
-0.75 -0.19245008972987526 0.3828879578428478 0.38286151035528704
-0.75 0.0 0.2876608449763983 0.28766617059802035
-0.75 0.19245008972987526 0.382935806725994 0.38290969907252675
-0.75 0.3849001794597505 0.5384640395821746 0.5384661762469732
-0.75 0.5773502691896257 0.5506302875586008 0.550630316485315
-0.75 0.769800358919501 0.5384440388139836 0.5384459669918756
-0.75 0.9622504486493763 0.3828879578428474 0.3828615103552871
-0.75 1.1547005383792515 0.2876608449763983 0.2876661705980204
-0.6666666666666666 -1.1547005383792515 0.28105190285466536 0.28105770723013823
-0.6666666666666666 -0.9622504486493763 0.3460802119166115 0.34607446475055603
-0.6666666666666666 -0.769800358919501 0.4991162344805006 0.4991243654176372
-0.6666666666666666 -0.5773502691896257 0.5430317879632801 0.5430332205509726
-0.6666666666666666 -0.3849001794597505 0.4990152294180011 0.4990232892713881
-0.6666666666666666 -0.19245008972987526 0.34610784195661004 0.34610245001430634
-0.6666666666666666 0.0 0.28105190285466564 0.2810577072301381
-0.6666666666666666 0.19245008972987526 0.34608021191661126 0.34607446475055614
-0.6666666666666666 0.3849001794597505 0.49911623448050063 0.49912436541763733
-0.6666666666666666 0.5773502691896257 0.5430317879632801 0.5430332205509727
-0.6666666666666666 0.769800358919501 0.4990152294180012 0.49902328927138834
-0.6666666666666666 0.9622504486493763 0.3461078419566099 0.34610245001430645
-0.6666666666666666 1.1547005383792515 0.2810519028546656 0.28105770723013823
-0.5833333333333334 -1.1547005383792515 0.2945081529614025 0.2945142755722782
-0.5833333333333334 -0.9622504486493763 0.34660795108031084 0.3466071766215318
-0.5833333333333334 -0.769800358919501 0.42735860322934194 0.42735773200849136
-0.5833333333333334 -0.5773502691896257 0.4681558209326519 0.46816957365911327
-0.5833333333333334 -0.3849001794597505 0.4272550156370956 0.42725416531675403
-0.5833333333333334 -0.19245008972987526 0.3467258552239164 0.34672589071562776
-0.5833333333333334 0.0 0.29450815296140254 0.29451427557227833
-0.5833333333333334 0.19245008972987526 0.34660795108031067 0.3466071766215319
-0.5833333333333334 0.3849001794597505 0.42735860322934194 0.42735773200849153
-0.5833333333333334 0.5773502691896257 0.46815582093265207 0.46816957365911316
-0.5833333333333334 0.769800358919501 0.4272550156370957 0.42725416531675403
-0.5833333333333334 0.9622504486493763 0.3467258552239163 0.34672589071562754
-0.5833333333333334 1.1547005383792515 0.29450815296140276 0.29451427557227833
-0.5 -1.1547005383792515 0.3373401751983893 0.33735234833722283
-0.5 -0.9622504486493763 0.3717883783550051 0.3717918556335699
-0.5 -0.769800358919501 0.37178837835500494 0.3717918556335698
-0.5 -0.5773502691896257 0.3373401751983893 0.33735234833722283
-0.5 -0.3849001794597505 0.3718522923476063 0.3718557860325423
-0.5 -0.19245008972987526 0.37185229234760625 0.3718557860325424
-0.5 0.0 0.3373401751983893 0.33735234833722283
-0.5 0.19245008972987526 0.3717883783550051 0.3717918556335699
-0.5 0.3849001794597505 0.3717883783550051 0.37179185563356987
-0.5 0.5773502691896257 0.3373401751983893 0.33735234833722283
-0.5 0.769800358919501 0.37185229234760625 0.3718557860325423
-0.5 0.9622504486493763 0.3718522923476064 0.3718557860325423
-0.5 1.1547005383792515 0.3373401751983893 0.33735234833722283
-0.4166666666666667 -1.1547005383792515 0.46815582093265207 0.4681695736591135
-0.4166666666666667 -0.9622504486493763 0.42735860322934205 0.42735773200849136
-0.4166666666666667 -0.769800358919501 0.3466079510803106 0.3466071766215318
-0.4166666666666667 -0.5773502691896257 0.29450815296140276 0.2945142755722784
-0.4166666666666667 -0.3849001794597505 0.3467258552239164 0.3467258907156276
-0.4166666666666667 -0.19245008972987526 0.4272550156370958 0.42725416531675403
-0.4166666666666667 0.0 0.4681558209326522 0.46816957365911327
-0.4166666666666667 0.19245008972987526 0.42735860322934194 0.4273577320084915
-0.4166666666666667 0.3849001794597505 0.3466079510803108 0.3466071766215318
-0.4166666666666667 0.5773502691896257 0.29450815296140254 0.2945142755722782
-0.4166666666666667 0.769800358919501 0.34672585522391663 0.34672589071562787
-0.4166666666666667 0.9622504486493763 0.4272550156370958 0.4272541653167541
-0.4166666666666667 1.1547005383792515 0.468155820932652 0.46816957365911327
-0.3333333333333333 -1.1547005383792515 0.5430317879632799 0.5430332205509726
-0.3333333333333333 -0.9622504486493763 0.49911623448050074 0.49912436541763755
-0.3333333333333333 -0.769800358919501 0.34608021191661137 0.34607446475055625
-0.3333333333333333 -0.5773502691896257 0.2810519028546656 0.28105770723013823
-0.3333333333333333 -0.3849001794597505 0.34610784195661 0.34610245001430634
-0.3333333333333333 -0.19245008972987526 0.4990152294180011 0.4990232892713882
-0.3333333333333333 0.0 0.5430317879632798 0.5430332205509727
-0.3333333333333333 0.19245008972987526 0.4991162344805006 0.4991243654176374
-0.3333333333333333 0.3849001794597505 0.34608021191661126 0.34607446475055614
-0.3333333333333333 0.5773502691896257 0.2810519028546655 0.2810577072301381
-0.3333333333333333 0.769800358919501 0.34610784195660993 0.3461024500143065
-0.3333333333333333 0.9622504486493763 0.4990152294180013 0.49902328927138817
-0.3333333333333333 1.1547005383792515 0.5430317879632803 0.5430332205509727
-0.25 -1.1547005383792515 0.5506302875586007 0.5506303164853149
-0.25 -0.9622504486493763 0.5384640395821748 0.5384661762469731
-0.25 -0.769800358919501 0.3829358067259941 0.38290969907252687
-0.25 -0.5773502691896257 0.2876608449763983 0.28766617059802035
-0.25 -0.3849001794597505 0.3828879578428478 0.382861510355287
-0.25 -0.19245008972987526 0.5384440388139836 0.5384459669918755
-0.25 0.0 0.5506302875586009 0.5506303164853151
-0.25 0.19245008972987526 0.5384640395821746 0.5384661762469732
-0.25 0.3849001794597505 0.3829358067259941 0.3829096990725267
-0.25 0.5773502691896257 0.2876608449763982 0.28766617059802035
-0.25 0.769800358919501 0.3828879578428478 0.382861510355287
-0.25 0.9622504486493763 0.5384440388139837 0.5384459669918754
-0.25 1.1547005383792515 0.5506302875586011 0.5506303164853152
-0.16666666666666666 -1.1547005383792515 0.5532829691270937 0.5532840339489445
-0.16666666666666666 -0.9622504486493763 0.5500347520770842 0.550034662014359
-0.16666666666666666 -0.769800358919501 0.4589448855312951 0.45893229505643757
-0.16666666666666666 -0.5773502691896257 0.31075756905885055 0.3107699092755007
-0.16666666666666666 -0.3849001794597505 0.4588897139921941 0.4588761912009191
-0.16666666666666666 -0.19245008972987526 0.5500316216904825 0.5500314931855066
-0.16666666666666666 0.0 0.5532829691270936 0.5532840339489447
-0.16666666666666666 0.19245008972987526 0.550034752077084 0.5500346620143588
-0.16666666666666666 0.3849001794597505 0.4589448855312952 0.4589322950564375
-0.16666666666666666 0.5773502691896257 0.31075756905885044 0.3107699092755009
-0.16666666666666666 0.769800358919501 0.4588897139921941 0.45887619120091905
-0.16666666666666666 0.9622504486493763 0.5500316216904824 0.5500314931855066
-0.16666666666666666 1.1547005383792515 0.5532829691270934 0.5532840339489449
-0.08333333333333333 -1.1547005383792515 0.5543188577460052 0.5543191360170584
-0.08333333333333333 -0.9622504486493763 0.5530104538110032 0.5530105113700082
-0.08333333333333333 -0.769800358919501 0.5045096690365698 0.5045046167856012
-0.08333333333333333 -0.5773502691896257 0.34013557400826905 0.34015832380154887
-0.08333333333333333 -0.3849001794597505 0.5044884470082559 0.5044833965433733
-0.08333333333333333 -0.19245008972987526 0.5530076774251689 0.5530077657386105
-0.08333333333333333 0.0 0.5543188577460053 0.5543191360170583
-0.08333333333333333 0.19245008972987526 0.5530104538110032 0.553010511370008
-0.08333333333333333 0.3849001794597505 0.5045096690365697 0.5045046167856015
-0.08333333333333333 0.5773502691896257 0.34013557400826894 0.34015832380154887
-0.08333333333333333 0.769800358919501 0.5044884470082559 0.5044833965433735
-0.08333333333333333 0.9622504486493763 0.5530076774251688 0.5530077657386105
-0.08333333333333333 1.1547005383792515 0.5543188577460058 0.5543191360170584
0.0 -1.1547005383792515 0.5544900342796661 0.5544902869113889
0.0 -0.9622504486493763 0.5536441968666121 0.5536445572401391
0.0 -0.769800358919501 0.5135642006179993 0.5135555280826382
0.0 -0.5773502691896257 0.3542299316157788 0.3542385908030573
0.0 -0.3849001794597505 0.5135642006179989 0.5135555280826382
0.0 -0.19245008972987526 0.553644196866612 0.5536445572401391
0.0 0.0 0.5544900342796661 0.5544902869113889
0.0 0.19245008972987526 0.553644196866612 0.5536445572401391
0.0 0.3849001794597505 0.5135642006179989 0.5135555280826382
0.0 0.5773502691896257 0.3542299316157788 0.3542385908030573
0.0 0.769800358919501 0.5135642006179993 0.5135555280826382
0.0 0.9622504486493763 0.5536441968666121 0.5536445572401391
0.0 1.1547005383792515 0.5544900342796661 0.5544902869113889
0.08333333333333333 -1.1547005383792515 0.5543188577460058 0.5543191360170584
0.08333333333333333 -0.9622504486493763 0.5530076774251688 0.5530077657386105
0.08333333333333333 -0.769800358919501 0.5044884470082559 0.5044833965433735
0.08333333333333333 -0.5773502691896257 0.34013557400826894 0.34015832380154887
0.08333333333333333 -0.3849001794597505 0.5045096690365697 0.5045046167856015
0.08333333333333333 -0.19245008972987526 0.5530104538110032 0.553010511370008
0.08333333333333333 0.0 0.5543188577460053 0.5543191360170583
0.08333333333333333 0.19245008972987526 0.5530076774251689 0.5530077657386105
0.08333333333333333 0.3849001794597505 0.5044884470082559 0.5044833965433733
0.08333333333333333 0.5773502691896257 0.34013557400826905 0.34015832380154887
0.08333333333333333 0.769800358919501 0.5045096690365698 0.5045046167856012
0.08333333333333333 0.9622504486493763 0.5530104538110032 0.5530105113700082
0.08333333333333333 1.1547005383792515 0.5543188577460052 0.5543191360170584
0.16666666666666666 -1.1547005383792515 0.5532829691270934 0.5532840339489449
0.16666666666666666 -0.9622504486493763 0.5500316216904824 0.5500314931855066
0.16666666666666666 -0.769800358919501 0.4588897139921941 0.45887619120091905
0.16666666666666666 -0.5773502691896257 0.31075756905885044 0.3107699092755009
0.16666666666666666 -0.3849001794597505 0.4589448855312952 0.4589322950564375
0.16666666666666666 -0.19245008972987526 0.550034752077084 0.5500346620143588
0.16666666666666666 0.0 0.5532829691270936 0.5532840339489447
0.16666666666666666 0.19245008972987526 0.5500316216904825 0.5500314931855066
0.16666666666666666 0.3849001794597505 0.4588897139921941 0.4588761912009191
0.16666666666666666 0.5773502691896257 0.31075756905885055 0.3107699092755007
0.16666666666666666 0.769800358919501 0.4589448855312951 0.45893229505643757
0.16666666666666666 0.9622504486493763 0.5500347520770842 0.550034662014359
0.16666666666666666 1.1547005383792515 0.5532829691270937 0.5532840339489445
0.25 -1.1547005383792515 0.5506302875586011 0.5506303164853152
0.25 -0.9622504486493763 0.5384440388139837 0.5384459669918754
0.25 -0.769800358919501 0.3828879578428478 0.382861510355287
0.25 -0.5773502691896257 0.2876608449763982 0.28766617059802035
0.25 -0.3849001794597505 0.3829358067259941 0.3829096990725267
0.25 -0.19245008972987526 0.5384640395821746 0.5384661762469732
0.25 0.0 0.5506302875586009 0.5506303164853151
0.25 0.19245008972987526 0.5384440388139836 0.5384459669918755
0.25 0.3849001794597505 0.3828879578428478 0.382861510355287
0.25 0.5773502691896257 0.2876608449763983 0.28766617059802035
0.25 0.769800358919501 0.3829358067259941 0.38290969907252687
0.25 0.9622504486493763 0.5384640395821748 0.5384661762469731
0.25 1.1547005383792515 0.5506302875586007 0.5506303164853149
0.3333333333333333 -1.1547005383792515 0.5430317879632803 0.5430332205509727
0.3333333333333333 -0.9622504486493763 0.4990152294180013 0.49902328927138817
0.3333333333333333 -0.769800358919501 0.34610784195660993 0.3461024500143065
0.3333333333333333 -0.5773502691896257 0.2810519028546655 0.2810577072301381
0.3333333333333333 -0.3849001794597505 0.34608021191661126 0.34607446475055614
0.3333333333333333 -0.19245008972987526 0.4991162344805006 0.4991243654176374
0.3333333333333333 0.0 0.5430317879632798 0.5430332205509727
0.3333333333333333 0.19245008972987526 0.4990152294180011 0.4990232892713882
0.3333333333333333 0.3849001794597505 0.34610784195661 0.34610245001430634
0.3333333333333333 0.5773502691896257 0.2810519028546656 0.28105770723013823
0.3333333333333333 0.769800358919501 0.34608021191661137 0.34607446475055625
0.3333333333333333 0.9622504486493763 0.49911623448050074 0.49912436541763755
0.3333333333333333 1.1547005383792515 0.5430317879632799 0.5430332205509726
0.4166666666666667 -1.1547005383792515 0.468155820932652 0.46816957365911327
0.4166666666666667 -0.9622504486493763 0.4272550156370958 0.4272541653167541
0.4166666666666667 -0.769800358919501 0.34672585522391663 0.34672589071562787
0.4166666666666667 -0.5773502691896257 0.29450815296140254 0.2945142755722782
0.4166666666666667 -0.3849001794597505 0.3466079510803108 0.3466071766215318
0.4166666666666667 -0.19245008972987526 0.42735860322934194 0.4273577320084915
0.4166666666666667 0.0 0.4681558209326522 0.46816957365911327
0.4166666666666667 0.19245008972987526 0.4272550156370958 0.42725416531675403
0.4166666666666667 0.3849001794597505 0.3467258552239164 0.3467258907156276
0.4166666666666667 0.5773502691896257 0.29450815296140276 0.2945142755722784
0.4166666666666667 0.769800358919501 0.3466079510803106 0.3466071766215318
0.4166666666666667 0.9622504486493763 0.42735860322934205 0.42735773200849136
0.4166666666666667 1.1547005383792515 0.46815582093265207 0.4681695736591135
0.5 -1.1547005383792515 0.3373401751983893 0.33735234833722283
0.5 -0.9622504486493763 0.3718522923476064 0.3718557860325423
0.5 -0.769800358919501 0.37185229234760625 0.3718557860325423
0.5 -0.5773502691896257 0.3373401751983893 0.33735234833722283
0.5 -0.3849001794597505 0.3717883783550051 0.37179185563356987
0.5 -0.19245008972987526 0.3717883783550051 0.3717918556335699
0.5 0.0 0.3373401751983893 0.33735234833722283
0.5 0.19245008972987526 0.37185229234760625 0.3718557860325424
0.5 0.3849001794597505 0.3718522923476063 0.3718557860325423
0.5 0.5773502691896257 0.3373401751983893 0.33735234833722283
0.5 0.769800358919501 0.37178837835500494 0.3717918556335698
0.5 0.9622504486493763 0.3717883783550051 0.3717918556335699
0.5 1.1547005383792515 0.3373401751983893 0.33735234833722283
0.5833333333333334 -1.1547005383792515 0.29450815296140276 0.29451427557227833
0.5833333333333334 -0.9622504486493763 0.3467258552239163 0.34672589071562754
0.5833333333333334 -0.769800358919501 0.4272550156370957 0.42725416531675403
0.5833333333333334 -0.5773502691896257 0.46815582093265207 0.46816957365911316
0.5833333333333334 -0.3849001794597505 0.42735860322934194 0.42735773200849153
0.5833333333333334 -0.19245008972987526 0.34660795108031067 0.3466071766215319
0.5833333333333334 0.0 0.29450815296140254 0.29451427557227833
0.5833333333333334 0.19245008972987526 0.3467258552239164 0.34672589071562776
0.5833333333333334 0.3849001794597505 0.4272550156370956 0.42725416531675403
0.5833333333333334 0.5773502691896257 0.4681558209326519 0.46816957365911327
0.5833333333333334 0.769800358919501 0.42735860322934194 0.42735773200849136
0.5833333333333334 0.9622504486493763 0.34660795108031084 0.3466071766215318
0.5833333333333334 1.1547005383792515 0.2945081529614025 0.2945142755722782
0.6666666666666666 -1.1547005383792515 0.2810519028546656 0.28105770723013823
0.6666666666666666 -0.9622504486493763 0.3461078419566099 0.34610245001430645
0.6666666666666666 -0.769800358919501 0.4990152294180012 0.49902328927138834
0.6666666666666666 -0.5773502691896257 0.5430317879632801 0.5430332205509727
0.6666666666666666 -0.3849001794597505 0.49911623448050063 0.49912436541763733
0.6666666666666666 -0.19245008972987526 0.34608021191661126 0.34607446475055614
0.6666666666666666 0.0 0.28105190285466564 0.2810577072301381
0.6666666666666666 0.19245008972987526 0.34610784195661004 0.34610245001430634
0.6666666666666666 0.3849001794597505 0.4990152294180011 0.4990232892713881
0.6666666666666666 0.5773502691896257 0.5430317879632801 0.5430332205509726
0.6666666666666666 0.769800358919501 0.4991162344805006 0.4991243654176372
0.6666666666666666 0.9622504486493763 0.3460802119166115 0.34607446475055603
0.6666666666666666 1.1547005383792515 0.28105190285466536 0.28105770723013823
0.75 -1.1547005383792515 0.2876608449763983 0.2876661705980204
0.75 -0.9622504486493763 0.3828879578428474 0.3828615103552871
0.75 -0.769800358919501 0.5384440388139836 0.5384459669918756
0.75 -0.5773502691896257 0.5506302875586008 0.550630316485315
0.75 -0.3849001794597505 0.5384640395821746 0.5384661762469732
0.75 -0.19245008972987526 0.382935806725994 0.38290969907252675
0.75 0.0 0.2876608449763983 0.28766617059802035
0.75 0.19245008972987526 0.3828879578428478 0.38286151035528704
0.75 0.3849001794597505 0.5384440388139836 0.5384459669918756
0.75 0.5773502691896257 0.5506302875586009 0.5506303164853151
0.75 0.769800358919501 0.5384640395821746 0.5384661762469732
0.75 0.9622504486493763 0.382935806725994 0.3829096990725268
0.75 1.1547005383792515 0.2876608449763984 0.28766617059802024
0.8333333333333334 -1.1547005383792515 0.3107575690588505 0.31076990927550063
0.8333333333333334 -0.9622504486493763 0.45888971399219397 0.45887619120091916
0.8333333333333334 -0.769800358919501 0.5500316216904827 0.5500314931855066
0.8333333333333334 -0.5773502691896257 0.5532829691270935 0.5532840339489445
0.8333333333333334 -0.3849001794597505 0.5500347520770841 0.550034662014359
0.8333333333333334 -0.19245008972987526 0.4589448855312952 0.45893229505643746
0.8333333333333334 0.0 0.31075756905885044 0.3107699092755008
0.8333333333333334 0.19245008972987526 0.4588897139921941 0.45887619120091905
0.8333333333333334 0.3849001794597505 0.5500316216904824 0.5500314931855065
0.8333333333333334 0.5773502691896257 0.5532829691270934 0.5532840339489448
0.8333333333333334 0.769800358919501 0.5500347520770841 0.5500346620143588
0.8333333333333334 0.9622504486493763 0.4589448855312951 0.4589322950564374
0.8333333333333334 1.1547005383792515 0.31075756905885027 0.3107699092755011
0.9166666666666666 -1.1547005383792515 0.34013557400826916 0.340158323801549
0.9166666666666666 -0.9622504486493763 0.5044884470082559 0.504483396543373
0.9166666666666666 -0.769800358919501 0.553007677425169 0.5530077657386104
0.9166666666666666 -0.5773502691896257 0.5543188577460053 0.5543191360170583
0.9166666666666666 -0.3849001794597505 0.5530104538110031 0.5530105113700079
0.9166666666666666 -0.19245008972987526 0.5045096690365698 0.5045046167856015
0.9166666666666666 0.0 0.34013557400826894 0.34015832380154887
0.9166666666666666 0.19245008972987526 0.5044884470082559 0.5044833965433734
0.9166666666666666 0.3849001794597505 0.5530076774251687 0.5530077657386105
0.9166666666666666 0.5773502691896257 0.5543188577460056 0.5543191360170582
0.9166666666666666 0.769800358919501 0.5530104538110031 0.553010511370008
0.9166666666666666 0.9622504486493763 0.50450966903657 0.5045046167856018
0.9166666666666666 1.1547005383792515 0.34013557400826894 0.3401583238015489
1.0 -1.1547005383792515 0.3542299316157788 0.3542385908030573
1.0 -0.9622504486493763 0.5135642006179989 0.5135555280826379
1.0 -0.769800358919501 0.553644196866612 0.553644557240139
1.0 -0.5773502691896257 0.5544900342796661 0.5544902869113889
1.0 -0.3849001794597505 0.5536441968666121 0.553644557240139
1.0 -0.19245008972987526 0.5135642006179993 0.5135555280826382
1.0 0.0 0.3542299316157788 0.3542385908030573
1.0 0.19245008972987526 0.5135642006179991 0.513555528082638
1.0 0.3849001794597505 0.553644196866612 0.553644557240139
1.0 0.5773502691896257 0.5544900342796661 0.5544902869113889
1.0 0.769800358919501 0.553644196866612 0.553644557240139
1.0 0.9622504486493763 0.5135642006179988 0.5135555280826382
1.0 1.1547005383792515 0.3542299316157788 0.3542385908030573
