-1.0 -1.1547005383792515 0.24462846496333346 0.24461288689194402
-1.0 -0.9622504486493763 0.3874510557712516 0.38742524487083324
-1.0 -0.769800358919501 0.6197935644295848 0.6197930171569436
-1.0 -0.5773502691896257 0.6220399721966648 0.6220388680308341
-1.0 -0.3849001794597505 0.6197935644295844 0.6197930171569431
-1.0 -0.19245008972987526 0.38745105577125194 0.38742524487083346
-1.0 0.0 0.24462846496333346 0.24461288689194402
-1.0 0.19245008972987526 0.3874510557712518 0.3874252448708335
-1.0 0.3849001794597505 0.6197935644295846 0.6197930171569433
-1.0 0.5773502691896257 0.6220399721966648 0.6220388680308341
-1.0 0.769800358919501 0.6197935644295849 0.6197930171569435
-1.0 0.9622504486493763 0.3874510557712519 0.3874252448708334
-1.0 1.1547005383792515 0.24462846496333346 0.24461288689194402
-0.9166666666666666 -1.1547005383792515 0.23300196081350405 0.23298132114497502
-0.9166666666666666 -0.9622504486493763 0.35755831946977135 0.35758273079740066
-0.9166666666666666 -0.769800358919501 0.6187418185730554 0.6187415235866667
-0.9166666666666666 -0.5773502691896257 0.6217075536775412 0.6217062332609063
-0.9166666666666666 -0.3849001794597505 0.6187346350501658 0.6187341900116425
-0.9166666666666666 -0.19245008972987526 0.3575253620612457 0.357547613711749
-0.9166666666666666 0.0 0.23300196081350386 0.23298132114497502
-0.9166666666666666 0.19245008972987526 0.3575583194697712 0.3575827307974011
-0.9166666666666666 0.3849001794597505 0.6187418185730555 0.6187415235866666
-0.9166666666666666 0.5773502691896257 0.6217075536775413 0.6217062332609065
-0.9166666666666666 0.769800358919501 0.6187346350501658 0.6187341900116423
-0.9166666666666666 0.9622504486493763 0.3575253620612457 0.35754761371174926
-0.9166666666666666 1.1547005383792515 0.23300196081350397 0.23298132114497502
-0.8333333333333334 -1.1547005383792515 0.20646269581593968 0.2064456773684243
-0.8333333333333334 -0.9622504486493763 0.26928243406148733 0.2692841360588058
-0.8333333333333334 -0.769800358919501 0.6141592266098764 0.614158913098475
-0.8333333333333334 -0.5773502691896257 0.62046112287795 0.6204590377924083
-0.8333333333333334 -0.3849001794597505 0.6141507914482341 0.6141505358528567
-0.8333333333333334 -0.19245008972987526 0.2691917958640128 0.2691914880731915
-0.8333333333333334 0.0 0.2064626958159395 0.20644567736842445
-0.8333333333333334 0.19245008972987526 0.26928243406148733 0.26928413605880547
-0.8333333333333334 0.3849001794597505 0.6141592266098764 0.6141589130984751
-0.8333333333333334 0.5773502691896257 0.6204611228779496 0.6204590377924082
-0.8333333333333334 0.769800358919501 0.6141507914482343 0.6141505358528567
-0.8333333333333334 0.9622504486493763 0.26919179586401276 0.26919148807319154
-0.8333333333333334 1.1547005383792515 0.20646269581593957 0.20644567736842448
-0.75 -1.1547005383792515 0.1906289163141866 0.19061857371394428
-0.75 -0.9622504486493763 0.23012059499146897 0.23011443050140737
-0.75 -0.769800358919501 0.5987675729849201 0.59876609704036
-0.75 -0.5773502691896257 0.6148925896041438 0.6148881246443886
-0.75 -0.3849001794597505 0.5987296298484064 0.5987284970002964
-0.75 -0.19245008972987526 0.23003308706853973 0.2300261777112738
-0.75 0.0 0.19062891631418658 0.19061857371394397
-0.75 0.19245008972987526 0.23012059499146925 0.23011443050140715
-0.75 0.3849001794597505 0.5987675729849204 0.59876609704036
-0.75 0.5773502691896257 0.614892589604144 0.6148881246443888
-0.75 0.769800358919501 0.5987296298484063 0.5987284970002963
-0.75 0.9622504486493763 0.2300330870685399 0.23002617771127393
-0.75 1.1547005383792515 0.19062891631418677 0.19061857371394392
-0.6666666666666666 -1.1547005383792515 0.1818275521658339 0.1818188423187504
-0.6666666666666666 -0.9622504486493763 0.20626408850583383 0.20626010534777783
-0.6666666666666666 -0.769800358919501 0.5128722069337507 0.5128909565083328
-0.6666666666666666 -0.5773502691896257 0.5679728555075009 0.5679918832465272
-0.6666666666666666 -0.3849001794597505 0.512665546530835 0.5126834386366671
-0.6666666666666666 -0.19245008972987526 0.20632831220041764 0.20632565675277728
-0.6666666666666666 0.0 0.18182755216583388 0.18181884231875037
-0.6666666666666666 0.19245008972987526 0.2062640885058336 0.20626010534777772
-0.6666666666666666 0.3849001794597505 0.5128722069337509 0.5128909565083329
-0.6666666666666666 0.5773502691896257 0.5679728555075009 0.5679918832465272
-0.6666666666666666 0.769800358919501 0.512665546530835 0.5126834386366672
-0.6666666666666666 0.9622504486493763 0.20632831220041722 0.20632565675277748
-0.6666666666666666 1.1547005383792515 0.1818275521658337 0.18181884231875045
-0.5833333333333334 -1.1547005383792515 0.1833296173986466 0.18332645046769483
-0.5833333333333334 -0.9622504486493763 0.19588677209115013 0.19588840345360312
-0.5833333333333334 -0.769800358919501 0.26444353179086644 0.26444164607296844
-0.5833333333333334 -0.5773502691896257 0.2937717909019786 0.2937941630480905
-0.5833333333333334 -0.3849001794597505 0.2643778652895471 0.2643746554896475
-0.5833333333333334 -0.19245008972987526 0.1960454410708662 0.19604745434299037
-0.5833333333333334 0.0 0.18332961739864667 0.18332645046769486
-0.5833333333333334 0.19245008972987526 0.19588677209115002 0.19588840345360325
-0.5833333333333334 0.3849001794597505 0.2644435317908666 0.26444164607296844
-0.5833333333333334 0.5773502691896257 0.29377179090197825 0.2937941630480902
-0.5833333333333334 0.769800358919501 0.26437786528954704 0.2643746554896474
-0.5833333333333334 0.9622504486493763 0.1960454410708662 0.19604745434299045
-0.5833333333333334 1.1547005383792515 0.1833296173986468 0.18332645046769486
-0.5 -1.1547005383792515 0.20291998964277758 0.20291927033250046
-0.5 -0.9622504486493763 0.20324427415824795 0.2032445977520702
-0.5 -0.769800358919501 0.20324427415824797 0.20324459775207038
-0.5 -0.5773502691896257 0.20291998964277752 0.2029192703325004
-0.5 -0.3849001794597505 0.20332220989647448 0.20332303537126373
-0.5 -0.19245008972987526 0.20332220989647434 0.2033230353712635
-0.5 0.0 0.20291998964277752 0.2029192703325004
-0.5 0.19245008972987526 0.20324427415824808 0.20324459775207035
-0.5 0.3849001794597505 0.20324427415824797 0.2032445977520703
-0.5 0.5773502691896257 0.20291998964277758 0.20291927033250043
-0.5 0.769800358919501 0.2033222098964743 0.20332303537126345
-0.5 0.9622504486493763 0.2033222098964746 0.20332303537126378
-0.5 1.1547005383792515 0.20291998964277747 0.20291927033250043
-0.4166666666666667 -1.1547005383792515 0.29377179090197847 0.29379416304809053
-0.4166666666666667 -0.9622504486493763 0.2644435317908663 0.26444164607296816
-0.4166666666666667 -0.769800358919501 0.19588677209115013 0.19588840345360328
-0.4166666666666667 -0.5773502691896257 0.18332961739864678 0.18332645046769483
-0.4166666666666667 -0.3849001794597505 0.1960454410708662 0.19604745434299028
-0.4166666666666667 -0.19245008972987526 0.26437786528954704 0.26437465548964745
-0.4166666666666667 0.0 0.2937717909019785 0.2937941630480905
-0.4166666666666667 0.19245008972987526 0.2644435317908665 0.26444164607296833
-0.4166666666666667 0.3849001794597505 0.19588677209115005 0.1958884034536032
-0.4166666666666667 0.5773502691896257 0.18332961739864673 0.18332645046769472
-0.4166666666666667 0.769800358919501 0.19604544107086622 0.1960474543429904
-0.4166666666666667 0.9622504486493763 0.2643778652895472 0.26437465548964745
-0.4166666666666667 1.1547005383792515 0.29377179090197875 0.2937941630480906
-0.3333333333333333 -1.1547005383792515 0.567972855507501 0.5679918832465276
-0.3333333333333333 -0.9622504486493763 0.5128722069337512 0.5128909565083338
-0.3333333333333333 -0.769800358919501 0.2062640885058336 0.20626010534777797
-0.3333333333333333 -0.5773502691896257 0.18182755216583338 0.18181884231875042
-0.3333333333333333 -0.3849001794597505 0.20632831220041742 0.20632565675277748
-0.3333333333333333 -0.19245008972987526 0.5126655465308353 0.5126834386366677
-0.3333333333333333 0.0 0.567972855507501 0.567991883246528
-0.3333333333333333 0.19245008972987526 0.5128722069337514 0.5128909565083333
-0.3333333333333333 0.3849001794597505 0.20626408850583364 0.20626010534777794
-0.3333333333333333 0.5773502691896257 0.18182755216583363 0.18181884231875048
-0.3333333333333333 0.769800358919501 0.2063283122004176 0.2063256567527777
-0.3333333333333333 0.9622504486493763 0.5126655465308354 0.5126834386366678
-0.3333333333333333 1.1547005383792515 0.567972855507501 0.5679918832465274
-0.25 -1.1547005383792515 0.614892589604144 0.6148881246443885
-0.25 -0.9622504486493763 0.5987675729849206 0.5987660970403599
-0.25 -0.769800358919501 0.23012059499146942 0.23011443050140737
-0.25 -0.5773502691896257 0.19062891631418655 0.19061857371394392
-0.25 -0.3849001794597505 0.2300330870685398 0.23002617771127387
-0.25 -0.19245008972987526 0.5987296298484064 0.5987284970002964
-0.25 0.0 0.6148925896041438 0.6148881246443888
-0.25 0.19245008972987526 0.5987675729849203 0.5987660970403595
-0.25 0.3849001794597505 0.23012059499146917 0.23011443050140726
-0.25 0.5773502691896257 0.19062891631418652 0.19061857371394408
-0.25 0.769800358919501 0.23003308706853964 0.23002617771127393
-0.25 0.9622504486493763 0.5987296298484063 0.5987284970002966
-0.25 1.1547005383792515 0.614892589604144 0.6148881246443885
-0.16666666666666666 -1.1547005383792515 0.6204611228779497 0.6204590377924083
-0.16666666666666666 -0.9622504486493763 0.6141592266098767 0.6141589130984751
-0.16666666666666666 -0.769800358919501 0.26928243406148716 0.2692841360588055
-0.16666666666666666 -0.5773502691896257 0.20646269581593962 0.20644567736842456
-0.16666666666666666 -0.3849001794597505 0.26919179586401276 0.2691914880731915
-0.16666666666666666 -0.19245008972987526 0.6141507914482344 0.6141505358528566
-0.16666666666666666 0.0 0.6204611228779499 0.6204590377924082
-0.16666666666666666 0.19245008972987526 0.6141592266098764 0.614158913098475
-0.16666666666666666 0.3849001794597505 0.26928243406148733 0.26928413605880575
-0.16666666666666666 0.5773502691896257 0.2064626958159396 0.20644567736842442
-0.16666666666666666 0.769800358919501 0.2691917958640128 0.26919148807319154
-0.16666666666666666 0.9622504486493763 0.6141507914482339 0.6141505358528567
-0.16666666666666666 1.1547005383792515 0.6204611228779501 0.6204590377924084
-0.08333333333333333 -1.1547005383792515 0.621707553677541 0.6217062332609071
-0.08333333333333333 -0.9622504486493763 0.6187418185730557 0.618741523586667
-0.08333333333333333 -0.769800358919501 0.35755831946977107 0.35758273079740105
-0.08333333333333333 -0.5773502691896257 0.23300196081350386 0.23298132114497502
-0.08333333333333333 -0.3849001794597505 0.35752536206124563 0.357547613711749
-0.08333333333333333 -0.19245008972987526 0.6187346350501657 0.6187341900116429
-0.08333333333333333 0.0 0.6217075536775408 0.621706233260907
-0.08333333333333333 0.19245008972987526 0.6187418185730554 0.6187415235866671
-0.08333333333333333 0.3849001794597505 0.3575583194697714 0.3575827307974007
-0.08333333333333333 0.5773502691896257 0.23300196081350388 0.2329813211449751
-0.08333333333333333 0.769800358919501 0.3575253620612457 0.35754761371174887
-0.08333333333333333 0.9622504486493763 0.6187346350501659 0.6187341900116431
-0.08333333333333333 1.1547005383792515 0.621707553677541 0.621706233260907
0.0 -1.1547005383792515 0.6220399721966648 0.6220388680308341
0.0 -0.9622504486493763 0.6197935644295844 0.6197930171569431
0.0 -0.769800358919501 0.38745105577125166 0.38742524487083363
0.0 -0.5773502691896257 0.24462846496333346 0.24461288689194402
0.0 -0.3849001794597505 0.3874510557712518 0.3874252448708332
0.0 -0.19245008972987526 0.6197935644295846 0.6197930171569436
0.0 0.0 0.6220399721966648 0.6220388680308341
0.0 0.19245008972987526 0.6197935644295846 0.6197930171569436
0.0 0.3849001794597505 0.3874510557712518 0.3874252448708332
0.0 0.5773502691896257 0.24462846496333346 0.24461288689194402
0.0 0.769800358919501 0.38745105577125166 0.38742524487083363
0.0 0.9622504486493763 0.6197935644295844 0.6197930171569431
0.0 1.1547005383792515 0.6220399721966648 0.6220388680308341
0.08333333333333333 -1.1547005383792515 0.621707553677541 0.621706233260907
0.08333333333333333 -0.9622504486493763 0.6187346350501659 0.6187341900116431
0.08333333333333333 -0.769800358919501 0.3575253620612457 0.35754761371174887
0.08333333333333333 -0.5773502691896257 0.23300196081350388 0.2329813211449751
0.08333333333333333 -0.3849001794597505 0.3575583194697714 0.3575827307974007
0.08333333333333333 -0.19245008972987526 0.6187418185730554 0.6187415235866671
0.08333333333333333 0.0 0.6217075536775408 0.621706233260907
0.08333333333333333 0.19245008972987526 0.6187346350501657 0.6187341900116429
0.08333333333333333 0.3849001794597505 0.35752536206124563 0.357547613711749
0.08333333333333333 0.5773502691896257 0.23300196081350386 0.23298132114497502
0.08333333333333333 0.769800358919501 0.35755831946977107 0.35758273079740105
0.08333333333333333 0.9622504486493763 0.6187418185730557 0.618741523586667
0.08333333333333333 1.1547005383792515 0.621707553677541 0.6217062332609071
0.16666666666666666 -1.1547005383792515 0.6204611228779501 0.6204590377924084
0.16666666666666666 -0.9622504486493763 0.6141507914482339 0.6141505358528567
0.16666666666666666 -0.769800358919501 0.2691917958640128 0.26919148807319154
0.16666666666666666 -0.5773502691896257 0.2064626958159396 0.20644567736842442
0.16666666666666666 -0.3849001794597505 0.26928243406148733 0.26928413605880575
0.16666666666666666 -0.19245008972987526 0.6141592266098764 0.614158913098475
0.16666666666666666 0.0 0.6204611228779499 0.6204590377924082
0.16666666666666666 0.19245008972987526 0.6141507914482344 0.6141505358528566
0.16666666666666666 0.3849001794597505 0.26919179586401276 0.2691914880731915
0.16666666666666666 0.5773502691896257 0.20646269581593962 0.20644567736842456
0.16666666666666666 0.769800358919501 0.26928243406148716 0.2692841360588055
0.16666666666666666 0.9622504486493763 0.6141592266098767 0.6141589130984751
0.16666666666666666 1.1547005383792515 0.6204611228779497 0.6204590377924083
0.25 -1.1547005383792515 0.614892589604144 0.6148881246443885
0.25 -0.9622504486493763 0.5987296298484063 0.5987284970002966
0.25 -0.769800358919501 0.23003308706853964 0.23002617771127393
0.25 -0.5773502691896257 0.19062891631418652 0.19061857371394408
0.25 -0.3849001794597505 0.23012059499146917 0.23011443050140726
0.25 -0.19245008972987526 0.5987675729849203 0.5987660970403595
0.25 0.0 0.6148925896041438 0.6148881246443888
0.25 0.19245008972987526 0.5987296298484064 0.5987284970002964
0.25 0.3849001794597505 0.2300330870685398 0.23002617771127387
0.25 0.5773502691896257 0.19062891631418655 0.19061857371394392
0.25 0.769800358919501 0.23012059499146942 0.23011443050140737
0.25 0.9622504486493763 0.5987675729849206 0.5987660970403599
0.25 1.1547005383792515 0.614892589604144 0.6148881246443885
0.3333333333333333 -1.1547005383792515 0.567972855507501 0.5679918832465274
0.3333333333333333 -0.9622504486493763 0.5126655465308354 0.5126834386366678
0.3333333333333333 -0.769800358919501 0.2063283122004176 0.2063256567527777
0.3333333333333333 -0.5773502691896257 0.18182755216583363 0.18181884231875048
0.3333333333333333 -0.3849001794597505 0.20626408850583364 0.20626010534777794
0.3333333333333333 -0.19245008972987526 0.5128722069337514 0.5128909565083333
0.3333333333333333 0.0 0.567972855507501 0.567991883246528
0.3333333333333333 0.19245008972987526 0.5126655465308353 0.5126834386366677
0.3333333333333333 0.3849001794597505 0.20632831220041742 0.20632565675277748
0.3333333333333333 0.5773502691896257 0.18182755216583338 0.18181884231875042
0.3333333333333333 0.769800358919501 0.2062640885058336 0.20626010534777797
0.3333333333333333 0.9622504486493763 0.5128722069337512 0.5128909565083338
0.3333333333333333 1.1547005383792515 0.567972855507501 0.5679918832465276
0.4166666666666667 -1.1547005383792515 0.29377179090197875 0.2937941630480906
0.4166666666666667 -0.9622504486493763 0.2643778652895472 0.26437465548964745
0.4166666666666667 -0.769800358919501 0.19604544107086622 0.1960474543429904
0.4166666666666667 -0.5773502691896257 0.18332961739864673 0.18332645046769472
0.4166666666666667 -0.3849001794597505 0.19588677209115005 0.1958884034536032
0.4166666666666667 -0.19245008972987526 0.2644435317908665 0.26444164607296833
0.4166666666666667 0.0 0.2937717909019785 0.2937941630480905
0.4166666666666667 0.19245008972987526 0.26437786528954704 0.26437465548964745
0.4166666666666667 0.3849001794597505 0.1960454410708662 0.19604745434299028
0.4166666666666667 0.5773502691896257 0.18332961739864678 0.18332645046769483
0.4166666666666667 0.769800358919501 0.19588677209115013 0.19588840345360328
0.4166666666666667 0.9622504486493763 0.2644435317908663 0.26444164607296816
0.4166666666666667 1.1547005383792515 0.29377179090197847 0.29379416304809053
0.5 -1.1547005383792515 0.20291998964277747 0.20291927033250043
0.5 -0.9622504486493763 0.2033222098964746 0.20332303537126378
0.5 -0.769800358919501 0.2033222098964743 0.20332303537126345
0.5 -0.5773502691896257 0.20291998964277758 0.20291927033250043
0.5 -0.3849001794597505 0.20324427415824797 0.2032445977520703
0.5 -0.19245008972987526 0.20324427415824808 0.20324459775207035
0.5 0.0 0.20291998964277752 0.2029192703325004
0.5 0.19245008972987526 0.20332220989647434 0.2033230353712635
0.5 0.3849001794597505 0.20332220989647448 0.20332303537126373
0.5 0.5773502691896257 0.20291998964277752 0.2029192703325004
0.5 0.769800358919501 0.20324427415824797 0.20324459775207038
0.5 0.9622504486493763 0.20324427415824795 0.2032445977520702
0.5 1.1547005383792515 0.20291998964277758 0.20291927033250046
0.5833333333333334 -1.1547005383792515 0.1833296173986468 0.18332645046769486
0.5833333333333334 -0.9622504486493763 0.1960454410708662 0.19604745434299045
0.5833333333333334 -0.769800358919501 0.26437786528954704 0.2643746554896474
0.5833333333333334 -0.5773502691896257 0.29377179090197825 0.2937941630480902
0.5833333333333334 -0.3849001794597505 0.2644435317908666 0.26444164607296844
0.5833333333333334 -0.19245008972987526 0.19588677209115002 0.19588840345360325
0.5833333333333334 0.0 0.18332961739864667 0.18332645046769486
0.5833333333333334 0.19245008972987526 0.1960454410708662 0.19604745434299037
0.5833333333333334 0.3849001794597505 0.2643778652895471 0.2643746554896475
0.5833333333333334 0.5773502691896257 0.2937717909019786 0.2937941630480905
0.5833333333333334 0.769800358919501 0.26444353179086644 0.26444164607296844
0.5833333333333334 0.9622504486493763 0.19588677209115013 0.19588840345360312
0.5833333333333334 1.1547005383792515 0.1833296173986466 0.18332645046769483
0.6666666666666666 -1.1547005383792515 0.1818275521658337 0.18181884231875045
0.6666666666666666 -0.9622504486493763 0.20632831220041722 0.20632565675277748
0.6666666666666666 -0.769800358919501 0.512665546530835 0.5126834386366672
0.6666666666666666 -0.5773502691896257 0.5679728555075009 0.5679918832465272
0.6666666666666666 -0.3849001794597505 0.5128722069337509 0.5128909565083329
0.6666666666666666 -0.19245008972987526 0.2062640885058336 0.20626010534777772
0.6666666666666666 0.0 0.18182755216583388 0.18181884231875037
0.6666666666666666 0.19245008972987526 0.20632831220041764 0.20632565675277728
0.6666666666666666 0.3849001794597505 0.512665546530835 0.5126834386366671
0.6666666666666666 0.5773502691896257 0.5679728555075009 0.5679918832465272
0.6666666666666666 0.769800358919501 0.5128722069337507 0.5128909565083328
0.6666666666666666 0.9622504486493763 0.20626408850583383 0.20626010534777783
0.6666666666666666 1.1547005383792515 0.1818275521658339 0.1818188423187504
0.75 -1.1547005383792515 0.19062891631418677 0.19061857371394392
0.75 -0.9622504486493763 0.2300330870685399 0.23002617771127393
0.75 -0.769800358919501 0.5987296298484063 0.5987284970002963
0.75 -0.5773502691896257 0.614892589604144 0.6148881246443888
0.75 -0.3849001794597505 0.5987675729849204 0.59876609704036
0.75 -0.19245008972987526 0.23012059499146925 0.23011443050140715
0.75 0.0 0.19062891631418658 0.19061857371394397
0.75 0.19245008972987526 0.23003308706853973 0.2300261777112738
0.75 0.3849001794597505 0.5987296298484064 0.5987284970002964
0.75 0.5773502691896257 0.6148925896041438 0.6148881246443886
0.75 0.769800358919501 0.5987675729849201 0.59876609704036
0.75 0.9622504486493763 0.23012059499146897 0.23011443050140737
0.75 1.1547005383792515 0.1906289163141866 0.19061857371394428
0.8333333333333334 -1.1547005383792515 0.20646269581593957 0.20644567736842448
0.8333333333333334 -0.9622504486493763 0.26919179586401276 0.26919148807319154
0.8333333333333334 -0.769800358919501 0.6141507914482343 0.6141505358528567
0.8333333333333334 -0.5773502691896257 0.6204611228779496 0.6204590377924082
0.8333333333333334 -0.3849001794597505 0.6141592266098764 0.6141589130984751
0.8333333333333334 -0.19245008972987526 0.26928243406148733 0.26928413605880547
0.8333333333333334 0.0 0.2064626958159395 0.20644567736842445
0.8333333333333334 0.19245008972987526 0.2691917958640128 0.2691914880731915
0.8333333333333334 0.3849001794597505 0.6141507914482341 0.6141505358528567
0.8333333333333334 0.5773502691896257 0.62046112287795 0.6204590377924083
0.8333333333333334 0.769800358919501 0.6141592266098764 0.614158913098475
0.8333333333333334 0.9622504486493763 0.26928243406148733 0.2692841360588058
0.8333333333333334 1.1547005383792515 0.20646269581593968 0.2064456773684243
0.9166666666666666 -1.1547005383792515 0.23300196081350397 0.23298132114497502
0.9166666666666666 -0.9622504486493763 0.3575253620612457 0.35754761371174926
0.9166666666666666 -0.769800358919501 0.6187346350501658 0.6187341900116423
0.9166666666666666 -0.5773502691896257 0.6217075536775413 0.6217062332609065
0.9166666666666666 -0.3849001794597505 0.6187418185730555 0.6187415235866666
0.9166666666666666 -0.19245008972987526 0.3575583194697712 0.3575827307974011
0.9166666666666666 0.0 0.23300196081350386 0.23298132114497502
0.9166666666666666 0.19245008972987526 0.3575253620612457 0.357547613711749
0.9166666666666666 0.3849001794597505 0.6187346350501658 0.6187341900116425
0.9166666666666666 0.5773502691896257 0.6217075536775412 0.6217062332609063
0.9166666666666666 0.769800358919501 0.6187418185730554 0.6187415235866667
0.9166666666666666 0.9622504486493763 0.35755831946977135 0.35758273079740066
0.9166666666666666 1.1547005383792515 0.23300196081350405 0.23298132114497502
1.0 -1.1547005383792515 0.24462846496333346 0.24461288689194402
1.0 -0.9622504486493763 0.3874510557712519 0.3874252448708334
1.0 -0.769800358919501 0.6197935644295849 0.6197930171569435
1.0 -0.5773502691896257 0.6220399721966648 0.6220388680308341
1.0 -0.3849001794597505 0.6197935644295846 0.6197930171569433
1.0 -0.19245008972987526 0.3874510557712518 0.3874252448708335
1.0 0.0 0.24462846496333346 0.24461288689194402
1.0 0.19245008972987526 0.38745105577125194 0.38742524487083346
1.0 0.3849001794597505 0.6197935644295844 0.6197930171569431
1.0 0.5773502691896257 0.6220399721966648 0.6220388680308341
1.0 0.769800358919501 0.6197935644295848 0.6197930171569436
1.0 0.9622504486493763 0.3874510557712516 0.38742524487083324
1.0 1.1547005383792515 0.24462846496333346 0.24461288689194402
