-1.0 -1.1547005383792515 2.333333333333333 0.1673382250983334 0.16733788110333317
-1.0 -0.9622504486493763 1.925925925925926 0.2391512596550007 0.23915062723499972
-1.0 -0.769800358919501 1.5925925925925926 0.6586153022583344 0.6586154486283332
-1.0 -0.5773502691896257 1.3333333333333333 0.6618285687950016 0.6618286281099982
-1.0 -0.3849001794597505 1.1481481481481481 0.6586153022583345 0.6586154486283332
-1.0 -0.19245008972987526 1.037037037037037 0.23915125965500067 0.23915062723500005
-1.0 0.0 1.0 0.1673382250983334 0.16733788110333317
-1.0 0.19245008972987526 1.037037037037037 0.23915125965500056 0.23915062723499986
-1.0 0.3849001794597505 1.1481481481481481 0.6586153022583343 0.6586154486283333
-1.0 0.5773502691896257 1.3333333333333333 0.6618285687950016 0.6618286281099982
-1.0 0.769800358919501 1.5925925925925926 0.6586153022583343 0.6586154486283332
-1.0 0.9622504486493763 1.925925925925926 0.23915125965500095 0.23915062723499972
-1.0 1.1547005383792515 2.333333333333333 0.1673382250983334 0.16733788110333317
-0.9 -1.1547005383792515 2.1433333333333335 0.16327076256484274 0.16327035083017202
-0.9 -0.9622504486493763 1.735925925925926 0.22765108208607043 0.22765102731424247
-0.9 -0.769800358919501 1.4025925925925926 0.6572787341148248 0.6572788195473618
-0.9 -0.5773502691896257 1.1433333333333333 0.6609394226084078 0.6609394266630694
-0.9 -0.3849001794597505 0.9581481481481482 0.6572668856923959 0.6572669328408978
-0.9 -0.19245008972987526 0.8470370370370371 0.22762850989735312 0.22762870876315247
-0.9 0.0 0.81 0.1632707625648426 0.16327035083017194
-0.9 0.19245008972987526 0.8470370370370371 0.22765108208607093 0.2276510273142426
-0.9 0.3849001794597505 0.9581481481481482 0.6572787341148247 0.6572788195473616
-0.9 0.5773502691896257 1.1433333333333333 0.6609394226084075 0.6609394266630695
-0.9 0.769800358919501 1.4025925925925926 0.657266885692396 0.657266932840898
-0.9 0.9622504486493763 1.735925925925926 0.22762850989735317 0.2276287087631524
-0.9 1.1547005383792515 2.1433333333333335 0.16327076256484252 0.16327035083017197
-0.8 -1.1547005383792515 1.9733333333333334 0.15238796409014427 0.15238788253276858
-0.8 -0.9622504486493763 1.5659259259259262 0.19136139932639068 0.19136164957250454
-0.8 -0.769800358919501 1.2325925925925927 0.6492902207776338 0.649290317441008
-0.8 -0.5773502691896257 0.9733333333333334 0.65626178602027 0.656261942890265
-0.8 -0.3849001794597505 0.7881481481481483 0.6492813108915977 0.6492809903731477
-0.8 -0.19245008972987526 0.6770370370370372 0.19126905209026282 0.19126934550485117
-0.8 0.0 0.6400000000000001 0.1523879640901446 0.15238788253276864
-0.8 0.19245008972987526 0.6770370370370372 0.1913613993263904 0.19136164957250457
-0.8 0.3849001794597505 0.7881481481481483 0.6492902207776335 0.649290317441008
-0.8 0.5773502691896257 0.9733333333333334 0.6562617860202697 0.656261942890265
-0.8 0.769800358919501 1.2325925925925927 0.6492813108915976 0.6492809903731471
-0.8 0.9622504486493763 1.5659259259259262 0.19126905209026301 0.1912693455048513
-0.8 1.1547005383792515 1.9733333333333334 0.1523879640901443 0.15238788253276842
-0.7 -1.1547005383792515 1.8233333333333333 0.1429112800968865 0.14291130299590277
-0.7 -0.9622504486493763 1.4159259259259258 0.16406822875737495 0.16406755732970793
-0.7 -0.769800358919501 1.0825925925925926 0.5000447745108452 0.500044339759978
-0.7 -0.5773502691896257 0.8233333333333333 0.616540598356529 0.616540632417521
-0.7 -0.3849001794597505 0.6381481481481481 0.499838011949436 0.49984083892696873
-0.7 -0.19245008972987526 0.527037037037037 0.16406927082503195 0.16406820508101996
-0.7 0.0 0.48999999999999994 0.1429112800968863 0.1429113029959026
-0.7 0.19245008972987526 0.527037037037037 0.1640682287573751 0.16406755732970785
-0.7 0.3849001794597505 0.6381481481481481 0.5000447745108454 0.5000443397599779
-0.7 0.5773502691896257 0.8233333333333333 0.6165405983565291 0.616540632417521
-0.7 0.769800358919501 1.0825925925925926 0.499838011949436 0.4998408389269684
-0.7 0.9622504486493763 1.4159259259259258 0.16406927082503195 0.16406820508102002
-0.7 1.1547005383792515 1.8233333333333333 0.14291128009688647 0.14291130299590285
-0.6 -1.1547005383792515 1.6933333333333334 0.1418132695972302 0.14181328980806787
-0.6 -0.9622504486493763 1.285925925925926 0.15096974164538848 0.15096991441102303
-0.6 -0.769800358919501 0.9525925925925927 0.18601179159122214 0.1860121139878745
-0.6 -0.5773502691896257 0.6933333333333334 0.2336897250123554 0.23368868849556498
-0.6 -0.3849001794597505 0.5081481481481481 0.18598246256712528 0.18598262480643618
-0.6 -0.19245008972987526 0.397037037037037 0.151100597530377 0.151100744706488
-0.6 0.0 0.36 0.14181326959723012 0.14181328980806795
-0.6 0.19245008972987526 0.397037037037037 0.1509697416453884 0.15096991441102295
-0.6 0.3849001794597505 0.5081481481481481 0.1860117915912221 0.18601211398787448
-0.6 0.5773502691896257 0.6933333333333334 0.2336897250123556 0.233688688495565
-0.6 0.769800358919501 0.9525925925925927 0.18598246256712525 0.18598262480643638
-0.6 0.9622504486493763 1.285925925925926 0.151100597530377 0.15110074470648827
-0.6 1.1547005383792515 1.6933333333333334 0.14181326959723004 0.14181328980806773
-0.5 -1.1547005383792515 1.5833333333333333 0.15766483137333354 0.15766498876000007
-0.5 -0.9622504486493763 1.175925925925926 0.15449576508316246 0.15449573891403134
-0.5 -0.769800358919501 0.8425925925925927 0.1544957650831626 0.15449573891403137
-0.5 -0.5773502691896257 0.5833333333333333 0.15766483137333348 0.15766498876000004
-0.5 -0.3849001794597505 0.39814814814814814 0.15456456208350391 0.1545647948559685
-0.5 -0.19245008972987526 0.28703703703703703 0.15456456208350403 0.1545647948559685
-0.5 0.0 0.25 0.15766483137333345 0.15766498876
-0.5 0.19245008972987526 0.28703703703703703 0.15449576508316262 0.15449573891403137
-0.5 0.3849001794597505 0.39814814814814814 0.1544957650831625 0.15449573891403134
-0.5 0.5773502691896257 0.5833333333333333 0.15766483137333345 0.15766498875999999
-0.5 0.769800358919501 0.8425925925925927 0.154564562083504 0.1545647948559685
-0.5 0.9622504486493763 1.175925925925926 0.15456456208350394 0.15456479485596847
-0.5 1.1547005383792515 1.5833333333333333 0.15766483137333354 0.15766498876000007
-0.4 -1.1547005383792515 1.4933333333333332 0.23368972501235552 0.23368868849556526
-0.4 -0.9622504486493763 1.085925925925926 0.1860117915912221 0.1860121139878743
-0.4 -0.769800358919501 0.7525925925925927 0.15096974164538848 0.15096991441102292
-0.4 -0.5773502691896257 0.49333333333333335 0.14181326959723017 0.14181328980806804
-0.4 -0.3849001794597505 0.30814814814814817 0.15110059753037702 0.15110074470648807
-0.4 -0.19245008972987526 0.19703703703703707 0.18598246256712522 0.18598262480643626
-0.4 0.0 0.16000000000000003 0.2336897250123558 0.23368868849556515
-0.4 0.19245008972987526 0.19703703703703707 0.1860117915912222 0.18601211398787446
-0.4 0.3849001794597505 0.30814814814814817 0.1509697416453884 0.15096991441102292
-0.4 0.5773502691896257 0.49333333333333335 0.1418132695972303 0.14181328980806815
-0.4 0.769800358919501 0.7525925925925927 0.15110059753037727 0.15110074470648804
-0.4 0.9622504486493763 1.085925925925926 0.18598246256712525 0.18598262480643601
-0.4 1.1547005383792515 1.4933333333333332 0.23368972501235563 0.2336886884955651
-0.3 -1.1547005383792515 1.4233333333333333 0.6165405983565282 0.6165406324175208
-0.3 -0.9622504486493763 1.015925925925926 0.5000447745108451 0.5000443397599783
-0.3 -0.769800358919501 0.6825925925925926 0.16406822875737498 0.16406755732970787
-0.3 -0.5773502691896257 0.42333333333333334 0.1429112800968862 0.1429113029959023
-0.3 -0.3849001794597505 0.23814814814814816 0.16406927082503192 0.16406820508101994
-0.3 -0.19245008972987526 0.12703703703703703 0.4998380119494362 0.49984083892696884
-0.3 0.0 0.09 0.6165405983565286 0.616540632417521
-0.3 0.19245008972987526 0.12703703703703703 0.5000447745108455 0.5000443397599783
-0.3 0.3849001794597505 0.23814814814814816 0.16406822875737492 0.16406755732970782
-0.3 0.5773502691896257 0.42333333333333334 0.14291128009688617 0.14291130299590254
-0.3 0.769800358919501 0.6825925925925926 0.16406927082503195 0.16406820508101988
-0.3 0.9622504486493763 1.015925925925926 0.4998380119494361 0.49984083892696884
-0.3 1.1547005383792515 1.4233333333333333 0.6165405983565286 0.6165406324175209
-0.2 -1.1547005383792515 1.3733333333333333 0.6562617860202701 0.6562619428902652
-0.2 -0.9622504486493763 0.965925925925926 0.649290220777634 0.6492903174410077
-0.2 -0.769800358919501 0.6325925925925927 0.19136139932639046 0.1913616495725045
-0.2 -0.5773502691896257 0.3733333333333333 0.15238796409014446 0.15238788253276858
-0.2 -0.3849001794597505 0.18814814814814818 0.19126905209026282 0.19126934550485114
-0.2 -0.19245008972987526 0.07703703703703704 0.6492813108915977 0.6492809903731472
-0.2 0.0 0.04000000000000001 0.6562617860202701 0.656261942890265
-0.2 0.19245008972987526 0.07703703703703704 0.6492902207776338 0.649290317441008
-0.2 0.3849001794597505 0.18814814814814818 0.19136139932639046 0.1913616495725045
-0.2 0.5773502691896257 0.3733333333333333 0.15238796409014446 0.15238788253276864
-0.2 0.769800358919501 0.6325925925925927 0.19126905209026288 0.19126934550485145
-0.2 0.9622504486493763 0.965925925925926 0.6492813108915979 0.6492809903731479
-0.2 1.1547005383792515 1.3733333333333333 0.6562617860202703 0.6562619428902652
-0.1 -1.1547005383792515 1.3433333333333333 0.6609394226084075 0.6609394266630696
-0.1 -0.9622504486493763 0.9359259259259259 0.6572787341148248 0.6572788195473621
-0.1 -0.769800358919501 0.6025925925925927 0.22765108208607063 0.22765102731424258
-0.1 -0.5773502691896257 0.3433333333333333 0.16327076256484244 0.16327035083017188
-0.1 -0.3849001794597505 0.15814814814814818 0.2276285098973531 0.22762870876315217
-0.1 -0.19245008972987526 0.047037037037037044 0.6572668856923958 0.657266932840898
-0.1 0.0 0.010000000000000002 0.6609394226084075 0.6609394266630695
-0.1 0.19245008972987526 0.047037037037037044 0.6572787341148246 0.6572788195473616
-0.1 0.3849001794597505 0.15814814814814818 0.22765108208607063 0.22765102731424258
-0.1 0.5773502691896257 0.3433333333333333 0.16327076256484252 0.1632703508301719
-0.1 0.769800358919501 0.6025925925925927 0.22762850989735303 0.22762870876315233
-0.1 0.9622504486493763 0.9359259259259259 0.6572668856923954 0.6572669328408977
-0.1 1.1547005383792515 1.3433333333333333 0.6609394226084078 0.6609394266630694
0.0 -1.1547005383792515 1.3333333333333333 0.6618285687950016 0.6618286281099982
0.0 -0.9622504486493763 0.9259259259259259 0.6586153022583343 0.6586154486283332
0.0 -0.769800358919501 0.5925925925925927 0.2391512596550007 0.23915062723500025
0.0 -0.5773502691896257 0.3333333333333333 0.1673382250983334 0.16733788110333317
0.0 -0.3849001794597505 0.14814814814814817 0.2391512596550007 0.2391506272349999
0.0 -0.19245008972987526 0.03703703703703704 0.6586153022583343 0.6586154486283333
0.0 0.0 0.0 0.6618285687950016 0.6618286281099982
0.0 0.19245008972987526 0.03703703703703704 0.6586153022583343 0.6586154486283333
0.0 0.3849001794597505 0.14814814814814817 0.2391512596550007 0.2391506272349999
0.0 0.5773502691896257 0.3333333333333333 0.1673382250983334 0.16733788110333317
0.0 0.769800358919501 0.5925925925925927 0.2391512596550007 0.23915062723500025
0.0 0.9622504486493763 0.9259259259259259 0.6586153022583343 0.6586154486283332
0.0 1.1547005383792515 1.3333333333333333 0.6618285687950016 0.6618286281099982
0.1 -1.1547005383792515 1.3433333333333333 0.6609394226084078 0.6609394266630694
0.1 -0.9622504486493763 0.9359259259259259 0.6572668856923954 0.6572669328408977
0.1 -0.769800358919501 0.6025925925925927 0.22762850989735303 0.22762870876315233
0.1 -0.5773502691896257 0.3433333333333333 0.16327076256484252 0.1632703508301719
0.1 -0.3849001794597505 0.15814814814814818 0.22765108208607063 0.22765102731424258
0.1 -0.19245008972987526 0.047037037037037044 0.6572787341148246 0.6572788195473616
0.1 0.0 0.010000000000000002 0.6609394226084075 0.6609394266630695
0.1 0.19245008972987526 0.047037037037037044 0.6572668856923958 0.657266932840898
0.1 0.3849001794597505 0.15814814814814818 0.2276285098973531 0.22762870876315217
0.1 0.5773502691896257 0.3433333333333333 0.16327076256484244 0.16327035083017188
0.1 0.769800358919501 0.6025925925925927 0.22765108208607063 0.22765102731424258
0.1 0.9622504486493763 0.9359259259259259 0.6572787341148248 0.6572788195473621
0.1 1.1547005383792515 1.3433333333333333 0.6609394226084075 0.6609394266630696
0.2 -1.1547005383792515 1.3733333333333333 0.6562617860202703 0.6562619428902652
0.2 -0.9622504486493763 0.965925925925926 0.6492813108915979 0.6492809903731479
0.2 -0.769800358919501 0.6325925925925927 0.19126905209026288 0.19126934550485145
0.2 -0.5773502691896257 0.3733333333333333 0.15238796409014446 0.15238788253276864
0.2 -0.3849001794597505 0.18814814814814818 0.19136139932639046 0.1913616495725045
0.2 -0.19245008972987526 0.07703703703703704 0.6492902207776338 0.649290317441008
0.2 0.0 0.04000000000000001 0.6562617860202701 0.656261942890265
0.2 0.19245008972987526 0.07703703703703704 0.6492813108915977 0.6492809903731472
0.2 0.3849001794597505 0.18814814814814818 0.19126905209026282 0.19126934550485114
0.2 0.5773502691896257 0.3733333333333333 0.15238796409014446 0.15238788253276858
0.2 0.769800358919501 0.6325925925925927 0.19136139932639046 0.1913616495725045
0.2 0.9622504486493763 0.965925925925926 0.649290220777634 0.6492903174410077
0.2 1.1547005383792515 1.3733333333333333 0.6562617860202701 0.6562619428902652
0.3 -1.1547005383792515 1.4233333333333333 0.6165405983565286 0.6165406324175209
0.3 -0.9622504486493763 1.015925925925926 0.4998380119494361 0.49984083892696884
0.3 -0.769800358919501 0.6825925925925926 0.16406927082503195 0.16406820508101988
0.3 -0.5773502691896257 0.42333333333333334 0.14291128009688617 0.14291130299590254
0.3 -0.3849001794597505 0.23814814814814816 0.16406822875737492 0.16406755732970782
0.3 -0.19245008972987526 0.12703703703703703 0.5000447745108455 0.5000443397599783
0.3 0.0 0.09 0.6165405983565286 0.616540632417521
0.3 0.19245008972987526 0.12703703703703703 0.4998380119494362 0.49984083892696884
0.3 0.3849001794597505 0.23814814814814816 0.16406927082503192 0.16406820508101994
0.3 0.5773502691896257 0.42333333333333334 0.1429112800968862 0.1429113029959023
0.3 0.769800358919501 0.6825925925925926 0.16406822875737498 0.16406755732970787
0.3 0.9622504486493763 1.015925925925926 0.5000447745108451 0.5000443397599783
0.3 1.1547005383792515 1.4233333333333333 0.6165405983565282 0.6165406324175208
0.4 -1.1547005383792515 1.4933333333333332 0.23368972501235563 0.2336886884955651
0.4 -0.9622504486493763 1.085925925925926 0.18598246256712525 0.18598262480643601
0.4 -0.769800358919501 0.7525925925925927 0.15110059753037727 0.15110074470648804
0.4 -0.5773502691896257 0.49333333333333335 0.1418132695972303 0.14181328980806815
0.4 -0.3849001794597505 0.30814814814814817 0.1509697416453884 0.15096991441102292
0.4 -0.19245008972987526 0.19703703703703707 0.1860117915912222 0.18601211398787446
0.4 0.0 0.16000000000000003 0.2336897250123558 0.23368868849556515
0.4 0.19245008972987526 0.19703703703703707 0.18598246256712522 0.18598262480643626
0.4 0.3849001794597505 0.30814814814814817 0.15110059753037702 0.15110074470648807
0.4 0.5773502691896257 0.49333333333333335 0.14181326959723017 0.14181328980806804
0.4 0.769800358919501 0.7525925925925927 0.15096974164538848 0.15096991441102292
0.4 0.9622504486493763 1.085925925925926 0.1860117915912221 0.1860121139878743
0.4 1.1547005383792515 1.4933333333333332 0.23368972501235552 0.23368868849556526
0.5 -1.1547005383792515 1.5833333333333333 0.15766483137333354 0.15766498876000007
0.5 -0.9622504486493763 1.175925925925926 0.15456456208350394 0.15456479485596847
0.5 -0.769800358919501 0.8425925925925927 0.154564562083504 0.1545647948559685
0.5 -0.5773502691896257 0.5833333333333333 0.15766483137333345 0.15766498875999999
0.5 -0.3849001794597505 0.39814814814814814 0.1544957650831625 0.15449573891403134
0.5 -0.19245008972987526 0.28703703703703703 0.15449576508316262 0.15449573891403137
0.5 0.0 0.25 0.15766483137333345 0.15766498876
0.5 0.19245008972987526 0.28703703703703703 0.15456456208350403 0.1545647948559685
0.5 0.3849001794597505 0.39814814814814814 0.15456456208350391 0.1545647948559685
0.5 0.5773502691896257 0.5833333333333333 0.15766483137333348 0.15766498876000004
0.5 0.769800358919501 0.8425925925925927 0.1544957650831626 0.15449573891403137
0.5 0.9622504486493763 1.175925925925926 0.15449576508316246 0.15449573891403134
0.5 1.1547005383792515 1.5833333333333333 0.15766483137333354 0.15766498876000007
0.6 -1.1547005383792515 1.6933333333333334 0.14181326959723004 0.14181328980806773
0.6 -0.9622504486493763 1.285925925925926 0.151100597530377 0.15110074470648827
0.6 -0.769800358919501 0.9525925925925927 0.18598246256712525 0.18598262480643638
0.6 -0.5773502691896257 0.6933333333333334 0.2336897250123556 0.233688688495565
0.6 -0.3849001794597505 0.5081481481481481 0.1860117915912221 0.18601211398787448
0.6 -0.19245008972987526 0.397037037037037 0.1509697416453884 0.15096991441102295
0.6 0.0 0.36 0.14181326959723012 0.14181328980806795
0.6 0.19245008972987526 0.397037037037037 0.151100597530377 0.151100744706488
0.6 0.3849001794597505 0.5081481481481481 0.18598246256712528 0.18598262480643618
0.6 0.5773502691896257 0.6933333333333334 0.2336897250123554 0.23368868849556498
0.6 0.769800358919501 0.9525925925925927 0.18601179159122214 0.1860121139878745
0.6 0.9622504486493763 1.285925925925926 0.15096974164538848 0.15096991441102303
0.6 1.1547005383792515 1.6933333333333334 0.1418132695972302 0.14181328980806787
0.7 -1.1547005383792515 1.8233333333333333 0.14291128009688647 0.14291130299590285
0.7 -0.9622504486493763 1.4159259259259258 0.16406927082503195 0.16406820508102002
0.7 -0.769800358919501 1.0825925925925926 0.499838011949436 0.4998408389269684
0.7 -0.5773502691896257 0.8233333333333333 0.6165405983565291 0.616540632417521
0.7 -0.3849001794597505 0.6381481481481481 0.5000447745108454 0.5000443397599779
0.7 -0.19245008972987526 0.527037037037037 0.1640682287573751 0.16406755732970785
0.7 0.0 0.48999999999999994 0.1429112800968863 0.1429113029959026
0.7 0.19245008972987526 0.527037037037037 0.16406927082503195 0.16406820508101996
0.7 0.3849001794597505 0.6381481481481481 0.499838011949436 0.49984083892696873
0.7 0.5773502691896257 0.8233333333333333 0.616540598356529 0.616540632417521
0.7 0.769800358919501 1.0825925925925926 0.5000447745108452 0.500044339759978
0.7 0.9622504486493763 1.4159259259259258 0.16406822875737495 0.16406755732970793
0.7 1.1547005383792515 1.8233333333333333 0.1429112800968865 0.14291130299590277
0.8 -1.1547005383792515 1.9733333333333334 0.1523879640901443 0.15238788253276842
0.8 -0.9622504486493763 1.5659259259259262 0.19126905209026301 0.1912693455048513
0.8 -0.769800358919501 1.2325925925925927 0.6492813108915976 0.6492809903731471
0.8 -0.5773502691896257 0.9733333333333334 0.6562617860202697 0.656261942890265
0.8 -0.3849001794597505 0.7881481481481483 0.6492902207776335 0.649290317441008
0.8 -0.19245008972987526 0.6770370370370372 0.1913613993263904 0.19136164957250457
0.8 0.0 0.6400000000000001 0.1523879640901446 0.15238788253276864
0.8 0.19245008972987526 0.6770370370370372 0.19126905209026282 0.19126934550485117
0.8 0.3849001794597505 0.7881481481481483 0.6492813108915977 0.6492809903731477
0.8 0.5773502691896257 0.9733333333333334 0.65626178602027 0.656261942890265
0.8 0.769800358919501 1.2325925925925927 0.6492902207776338 0.649290317441008
0.8 0.9622504486493763 1.5659259259259262 0.19136139932639068 0.19136164957250454
0.8 1.1547005383792515 1.9733333333333334 0.15238796409014427 0.15238788253276858
0.9 -1.1547005383792515 2.1433333333333335 0.16327076256484252 0.16327035083017197
0.9 -0.9622504486493763 1.735925925925926 0.22762850989735317 0.2276287087631524
0.9 -0.769800358919501 1.4025925925925926 0.657266885692396 0.657266932840898
0.9 -0.5773502691896257 1.1433333333333333 0.6609394226084075 0.6609394266630695
0.9 -0.3849001794597505 0.9581481481481482 0.6572787341148247 0.6572788195473616
0.9 -0.19245008972987526 0.8470370370370371 0.22765108208607093 0.2276510273142426
0.9 0.0 0.81 0.1632707625648426 0.16327035083017194
0.9 0.19245008972987526 0.8470370370370371 0.22762850989735312 0.22762870876315247
0.9 0.3849001794597505 0.9581481481481482 0.6572668856923959 0.6572669328408978
0.9 0.5773502691896257 1.1433333333333333 0.6609394226084078 0.6609394266630694
0.9 0.769800358919501 1.4025925925925926 0.6572787341148248 0.6572788195473618
0.9 0.9622504486493763 1.735925925925926 0.22765108208607043 0.22765102731424247
0.9 1.1547005383792515 2.1433333333333335 0.16327076256484274 0.16327035083017202
1.0 -1.1547005383792515 2.333333333333333 0.1673382250983334 0.16733788110333317
1.0 -0.9622504486493763 1.925925925925926 0.23915125965500095 0.23915062723499972
1.0 -0.769800358919501 1.5925925925925926 0.6586153022583343 0.6586154486283332
1.0 -0.5773502691896257 1.3333333333333333 0.6618285687950016 0.6618286281099982
1.0 -0.3849001794597505 1.1481481481481481 0.6586153022583343 0.6586154486283333
1.0 -0.19245008972987526 1.037037037037037 0.23915125965500056 0.23915062723499986
1.0 0.0 1.0 0.1673382250983334 0.16733788110333317
1.0 0.19245008972987526 1.037037037037037 0.23915125965500067 0.23915062723500005
1.0 0.3849001794597505 1.1481481481481481 0.6586153022583345 0.6586154486283332
1.0 0.5773502691896257 1.3333333333333333 0.6618285687950016 0.6618286281099982
1.0 0.769800358919501 1.5925925925925926 0.6586153022583344 0.6586154486283332
1.0 0.9622504486493763 1.925925925925926 0.2391512596550007 0.23915062723499972
1.0 1.1547005383792515 2.333333333333333 0.1673382250983334 0.16733788110333317
