-1.0 -1.1547005383792515 0.0384296933610834 0.03842953038161111
-1.0 -0.9622504486493763 0.053805545027791495 0.05380541636475004
-1.0 -0.769800358919501 0.7653231350277927 0.765322974892527
-1.0 -0.5773502691896257 0.7843387835277508 0.7843387961038341
-1.0 -0.3849001794597505 0.7653231350277926 0.7653229748925269
-1.0 -0.19245008972987526 0.053805545027791585 0.05380541636475
-1.0 0.0 0.0384296933610834 0.03842953038161111
-1.0 0.19245008972987526 0.053805545027791515 0.053805416364750044
-1.0 0.3849001794597505 0.7653231350277928 0.7653229748925272
-1.0 0.5773502691896257 0.7843387835277508 0.7843387961038341
-1.0 0.769800358919501 0.7653231350277928 0.7653229748925271
-1.0 0.9622504486493763 0.05380554502779147 0.05380541636475007
-1.0 1.1547005383792515 0.0384296933610834 0.03842953038161111
-0.9166666666666666 -1.1547005383792515 0.037909461865786184 0.03790931608869815
-0.9166666666666666 -0.9622504486493763 0.05205190173029539 0.05205177381679752
-0.9166666666666666 -0.769800358919501 0.7524584991531355 0.7524583444917177
-0.9166666666666666 -0.5773502691896257 0.7816268078069444 0.7816267888142444
-0.9166666666666666 -0.3849001794597505 0.7524587428299077 0.7524586392855631
-0.9166666666666666 -0.19245008972987526 0.05203669129146371 0.052036571056510744
-0.9166666666666666 0.0 0.03790946186578627 0.037909316088698186
-0.9166666666666666 0.19245008972987526 0.05205190173029535 0.052051773816797334
-0.9166666666666666 0.3849001794597505 0.7524584991531356 0.7524583444917179
-0.9166666666666666 0.5773502691896257 0.7816268078069439 0.7816267888142446
-0.9166666666666666 0.769800358919501 0.752458742829908 0.7524586392855618
-0.9166666666666666 0.9622504486493763 0.05203669129146365 0.05203657105651072
-0.9166666666666666 1.1547005383792515 0.03790946186578617 0.037909316088697936
-0.8333333333333334 -1.1547005383792515 0.03716040347431756 0.03716030407703763
-0.8333333333333334 -0.9622504486493763 0.04746324791378546 0.04746314260984349
-0.8333333333333334 -0.769800358919501 0.44257982155850495 0.4425804072769237
-0.8333333333333334 -0.5773502691896257 0.7645208300534327 0.7645207753045747
-0.8333333333333334 -0.3849001794597505 0.4424760967056309 0.4424766682967666
-0.8333333333333334 -0.19245008972987526 0.04744100879432836 0.0474409694348548
-0.8333333333333334 0.0 0.03716040347431729 0.037160304077037465
-0.8333333333333334 0.19245008972987526 0.04746324791378536 0.04746314260984354
-0.8333333333333334 0.3849001794597505 0.44257982155850517 0.44258040727692416
-0.8333333333333334 0.5773502691896257 0.7645208300534323 0.7645207753045745
-0.8333333333333334 0.769800358919501 0.44247609670563126 0.4424766682967667
-0.8333333333333334 0.9622504486493763 0.04744100879432833 0.047440969434854825
-0.8333333333333334 1.1547005383792515 0.03716040347431742 0.03716030407703761
-0.75 -1.1547005383792515 0.036720201211248985 0.03672015652161697
-0.75 -0.9622504486493763 0.04345796532477029 0.04345795419436247
-0.75 -0.769800358919501 0.10056002407300145 0.10055981607986311
-0.75 -0.5773502691896257 0.4282505618998631 0.4282510325339389
-0.75 -0.3849001794597505 0.1005468214738912 0.10054666354389442
-0.75 -0.19245008972987526 0.043434249350559735 0.04343430212632454
-0.75 0.0 0.03672020121124895 0.03672015652161689
-0.75 0.19245008972987526 0.04345796532477018 0.04345795419436234
-0.75 0.3849001794597505 0.10056002407300146 0.10055981607986304
-0.75 0.5773502691896257 0.4282505618998629 0.42825103253393904
-0.75 0.769800358919501 0.10054682147389114 0.10054666354389467
-0.75 0.9622504486493763 0.04343424935055995 0.04343430212632471
-0.75 1.1547005383792515 0.03672020121124891 0.03672015652161679
-0.6666666666666666 -1.1547005383792515 0.03698634836112518 0.036986396489750106
-0.6666666666666666 -0.9622504486493763 0.042343949698583024 0.04234393985244404
-0.6666666666666666 -0.769800358919501 0.06886503623195833 0.06886501185224991
-0.6666666666666666 -0.5773502691896257 0.09859765861112492 0.09859752968419454
-0.6666666666666666 -0.3849001794597505 0.06882652361525003 0.06882655849133323
-0.6666666666666666 -0.19245008972987526 0.042345119981958376 0.04234518163002783
-0.6666666666666666 0.0 0.036986348361124875 0.03698639648975001
-0.6666666666666666 0.19245008972987526 0.04234394969858339 0.04234393985244438
-0.6666666666666666 0.3849001794597505 0.06886503623195823 0.06886501185224979
-0.6666666666666666 0.5773502691896257 0.09859765861112492 0.0985975296841944
-0.6666666666666666 0.769800358919501 0.06882652361524998 0.06882655849133339
-0.6666666666666666 0.9622504486493763 0.04234511998195801 0.042345181630027484
-0.6666666666666666 1.1547005383792515 0.03698634836112509 0.036986396489750106
-0.5833333333333334 -1.1547005383792515 0.0419843489327892 0.04198442359841276
-0.5833333333333334 -0.9622504486493763 0.04258487690249562 0.042584887051586445
-0.5833333333333334 -0.769800358919501 0.05517926574645978 0.05517931434739618
-0.5833333333333334 -0.5773502691896257 0.06519280078336971 0.06519281194308964
-0.5833333333333334 -0.3849001794597505 0.055172260708460645 0.05517236767796281
-0.5833333333333334 -0.19245008972987526 0.04261135391555841 0.04261147682802139
-0.5833333333333334 0.0 0.0419843489327892 0.041984423598412625
-0.5833333333333334 0.19245008972987526 0.042584876902495634 0.04258488705158644
-0.5833333333333334 0.3849001794597505 0.05517926574645955 0.05517931434739613
-0.5833333333333334 0.5773502691896257 0.06519280078336973 0.06519281194308973
-0.5833333333333334 0.769800358919501 0.05517226070846069 0.055172367677962846
-0.5833333333333334 0.9622504486493763 0.04261135391555831 0.04261147682802137
-0.5833333333333334 1.1547005383792515 0.04198434893278923 0.04198442359841268
-0.5 -1.1547005383792515 0.05023695188891669 0.05023703170172211
-0.5 -0.9622504486493763 0.04769110570130913 0.04769114447883575
-0.5 -0.769800358919501 0.04769110570130898 0.0476911444788356
-0.5 -0.5773502691896257 0.05023695188891667 0.05023703170172211
-0.5 -0.3849001794597505 0.047717143909774225 0.04771724431944202
-0.5 -0.19245008972987526 0.047717143909774364 0.04771724431944205
-0.5 0.0 0.05023695188891667 0.05023703170172211
-0.5 0.19245008972987526 0.04769110570130905 0.04769114447883567
-0.5 0.3849001794597505 0.047691105701309126 0.04769114447883577
-0.5 0.5773502691896257 0.05023695188891666 0.050237031701722105
-0.5 0.769800358919501 0.047717143909774294 0.04771724431944205
-0.5 0.9622504486493763 0.04771714390977431 0.047717244319442104
-0.5 1.1547005383792515 0.050236951888916644 0.05023703170172208
-0.4166666666666667 -1.1547005383792515 0.06519280078336973 0.0651928119430897
-0.4166666666666667 -0.9622504486493763 0.055179265746459684 0.05517931434739611
-0.4166666666666667 -0.769800358919501 0.042584876902495634 0.04258488705158642
-0.4166666666666667 -0.5773502691896257 0.041984348932789274 0.041984423598412715
-0.4166666666666667 -0.3849001794597505 0.042611353915558356 0.04261147682802134
-0.4166666666666667 -0.19245008972987526 0.0551722607084607 0.055172367677962714
-0.4166666666666667 0.0 0.06519280078336968 0.06519281194308975
-0.4166666666666667 0.19245008972987526 0.055179265746459635 0.05517931434739604
-0.4166666666666667 0.3849001794597505 0.042584876902495586 0.04258488705158643
-0.4166666666666667 0.5773502691896257 0.04198434893278917 0.04198442359841279
-0.4166666666666667 0.769800358919501 0.0426113539155583 0.042611476828021265
-0.4166666666666667 0.9622504486493763 0.0551722607084607 0.055172367677962596
-0.4166666666666667 1.1547005383792515 0.06519280078336971 0.0651928119430896
-0.3333333333333333 -1.1547005383792515 0.09859765861112456 0.09859752968419414
-0.3333333333333333 -0.9622504486493763 0.06886503623195847 0.06886501185224991
-0.3333333333333333 -0.769800358919501 0.04234394969858334 0.04234393985244443
-0.3333333333333333 -0.5773502691896257 0.036986348361124785 0.03698639648974986
-0.3333333333333333 -0.3849001794597505 0.04234511998195831 0.04234518163002798
-0.3333333333333333 -0.19245008972987526 0.06882652361525005 0.0688265584913333
-0.3333333333333333 0.0 0.09859765861112493 0.09859752968419426
-0.3333333333333333 0.19245008972987526 0.06886503623195829 0.06886501185224989
-0.3333333333333333 0.3849001794597505 0.04234394969858338 0.042343939852444515
-0.3333333333333333 0.5773502691896257 0.03698634836112481 0.03698639648974982
-0.3333333333333333 0.769800358919501 0.04234511998195826 0.04234518163002779
-0.3333333333333333 0.9622504486493763 0.0688265236152502 0.06882655849133326
-0.3333333333333333 1.1547005383792515 0.09859765861112492 0.09859752968419423
-0.25 -1.1547005383792515 0.42825056189986305 0.4282510325339386
-0.25 -0.9622504486493763 0.10056002407300156 0.10055981607986314
-0.25 -0.769800358919501 0.04345796532477027 0.0434579541943623
-0.25 -0.5773502691896257 0.03672020121124881 0.03672015652161669
-0.25 -0.3849001794597505 0.04343424935055966 0.04343430212632453
-0.25 -0.19245008972987526 0.10054682147389107 0.10054666354389451
-0.25 0.0 0.42825056189986316 0.42825103253393937
-0.25 0.19245008972987526 0.10056002407300135 0.10055981607986303
-0.25 0.3849001794597505 0.043457965324770184 0.04345795419436236
-0.25 0.5773502691896257 0.036720201211248825 0.0367201565216168
-0.25 0.769800358919501 0.043434249350559874 0.0434343021263245
-0.25 0.9622504486493763 0.10054682147389138 0.10054666354389445
-0.25 1.1547005383792515 0.42825056189986294 0.42825103253393904
-0.16666666666666666 -1.1547005383792515 0.7645208300534326 0.7645207753045747
-0.16666666666666666 -0.9622504486493763 0.44257982155850506 0.44258040727692405
-0.16666666666666666 -0.769800358919501 0.04746324791378543 0.04746314260984355
-0.16666666666666666 -0.5773502691896257 0.03716040347431738 0.03716030407703747
-0.16666666666666666 -0.3849001794597505 0.047441008794328283 0.047440969434854666
-0.16666666666666666 -0.19245008972987526 0.44247609670563115 0.4424766682967667
-0.16666666666666666 0.0 0.7645208300534324 0.7645207753045749
-0.16666666666666666 0.19245008972987526 0.442579821558505 0.44258040727692394
-0.16666666666666666 0.3849001794597505 0.047463247913785256 0.047463142609843446
-0.16666666666666666 0.5773502691896257 0.03716040347431738 0.03716030407703753
-0.16666666666666666 0.769800358919501 0.047441008794328415 0.04744096943485484
-0.16666666666666666 0.9622504486493763 0.44247609670563115 0.4424766682967666
-0.16666666666666666 1.1547005383792515 0.7645208300534325 0.7645207753045747
-0.08333333333333333 -1.1547005383792515 0.7816268078069437 0.7816267888142434
-0.08333333333333333 -0.9622504486493763 0.752458499153136 0.7524583444917183
-0.08333333333333333 -0.769800358919501 0.05205190173029545 0.05205177381679752
-0.08333333333333333 -0.5773502691896257 0.0379094618657865 0.037909316088698304
-0.08333333333333333 -0.3849001794597505 0.05203669129146365 0.05203657105651074
-0.08333333333333333 -0.19245008972987526 0.7524587428299081 0.7524586392855634
-0.08333333333333333 0.0 0.7816268078069439 0.7816267888142439
-0.08333333333333333 0.19245008972987526 0.7524584991531357 0.7524583444917183
-0.08333333333333333 0.3849001794597505 0.05205190173029543 0.052051773816797466
-0.08333333333333333 0.5773502691896257 0.037909461865786497 0.037909316088698346
-0.08333333333333333 0.769800358919501 0.052036691291463766 0.05203657105651084
-0.08333333333333333 0.9622504486493763 0.7524587428299078 0.7524586392855632
-0.08333333333333333 1.1547005383792515 0.7816268078069443 0.7816267888142441
0.0 -1.1547005383792515 0.7843387835277508 0.7843387961038341
0.0 -0.9622504486493763 0.7653231350277929 0.7653229748925287
0.0 -0.769800358919501 0.05380554502779164 0.053805416364750065
0.0 -0.5773502691896257 0.0384296933610834 0.03842953038161111
0.0 -0.3849001794597505 0.053805545027791495 0.05380541636474994
0.0 -0.19245008972987526 0.7653231350277927 0.765322974892527
0.0 0.0 0.7843387835277508 0.7843387961038341
0.0 0.19245008972987526 0.7653231350277927 0.765322974892527
0.0 0.3849001794597505 0.053805545027791495 0.05380541636474994
0.0 0.5773502691896257 0.0384296933610834 0.03842953038161111
0.0 0.769800358919501 0.05380554502779164 0.053805416364750065
0.0 0.9622504486493763 0.7653231350277929 0.7653229748925287
0.0 1.1547005383792515 0.7843387835277508 0.7843387961038341
0.08333333333333333 -1.1547005383792515 0.7816268078069443 0.7816267888142441
0.08333333333333333 -0.9622504486493763 0.7524587428299078 0.7524586392855632
0.08333333333333333 -0.769800358919501 0.052036691291463766 0.05203657105651084
0.08333333333333333 -0.5773502691896257 0.037909461865786497 0.037909316088698346
0.08333333333333333 -0.3849001794597505 0.05205190173029543 0.052051773816797466
0.08333333333333333 -0.19245008972987526 0.7524584991531357 0.7524583444917183
0.08333333333333333 0.0 0.7816268078069439 0.7816267888142439
0.08333333333333333 0.19245008972987526 0.7524587428299081 0.7524586392855634
0.08333333333333333 0.3849001794597505 0.05203669129146365 0.05203657105651074
0.08333333333333333 0.5773502691896257 0.0379094618657865 0.037909316088698304
0.08333333333333333 0.769800358919501 0.05205190173029545 0.05205177381679752
0.08333333333333333 0.9622504486493763 0.752458499153136 0.7524583444917183
0.08333333333333333 1.1547005383792515 0.7816268078069437 0.7816267888142434
0.16666666666666666 -1.1547005383792515 0.7645208300534325 0.7645207753045747
0.16666666666666666 -0.9622504486493763 0.44247609670563115 0.4424766682967666
0.16666666666666666 -0.769800358919501 0.047441008794328415 0.04744096943485484
0.16666666666666666 -0.5773502691896257 0.03716040347431738 0.03716030407703753
0.16666666666666666 -0.3849001794597505 0.047463247913785256 0.047463142609843446
0.16666666666666666 -0.19245008972987526 0.442579821558505 0.44258040727692394
0.16666666666666666 0.0 0.7645208300534324 0.7645207753045749
0.16666666666666666 0.19245008972987526 0.44247609670563115 0.4424766682967667
0.16666666666666666 0.3849001794597505 0.047441008794328283 0.047440969434854666
0.16666666666666666 0.5773502691896257 0.03716040347431738 0.03716030407703747
0.16666666666666666 0.769800358919501 0.04746324791378543 0.04746314260984355
0.16666666666666666 0.9622504486493763 0.44257982155850506 0.44258040727692405
0.16666666666666666 1.1547005383792515 0.7645208300534326 0.7645207753045747
0.25 -1.1547005383792515 0.42825056189986294 0.42825103253393904
0.25 -0.9622504486493763 0.10054682147389138 0.10054666354389445
0.25 -0.769800358919501 0.043434249350559874 0.0434343021263245
0.25 -0.5773502691896257 0.036720201211248825 0.0367201565216168
0.25 -0.3849001794597505 0.043457965324770184 0.04345795419436236
0.25 -0.19245008972987526 0.10056002407300135 0.10055981607986303
0.25 0.0 0.42825056189986316 0.42825103253393937
0.25 0.19245008972987526 0.10054682147389107 0.10054666354389451
0.25 0.3849001794597505 0.04343424935055966 0.04343430212632453
0.25 0.5773502691896257 0.03672020121124881 0.03672015652161669
0.25 0.769800358919501 0.04345796532477027 0.0434579541943623
0.25 0.9622504486493763 0.10056002407300156 0.10055981607986314
0.25 1.1547005383792515 0.42825056189986305 0.4282510325339386
0.3333333333333333 -1.1547005383792515 0.09859765861112492 0.09859752968419423
0.3333333333333333 -0.9622504486493763 0.0688265236152502 0.06882655849133326
0.3333333333333333 -0.769800358919501 0.04234511998195826 0.04234518163002779
0.3333333333333333 -0.5773502691896257 0.03698634836112481 0.03698639648974982
0.3333333333333333 -0.3849001794597505 0.04234394969858338 0.042343939852444515
0.3333333333333333 -0.19245008972987526 0.06886503623195829 0.06886501185224989
0.3333333333333333 0.0 0.09859765861112493 0.09859752968419426
0.3333333333333333 0.19245008972987526 0.06882652361525005 0.0688265584913333
0.3333333333333333 0.3849001794597505 0.04234511998195831 0.04234518163002798
0.3333333333333333 0.5773502691896257 0.036986348361124785 0.03698639648974986
0.3333333333333333 0.769800358919501 0.04234394969858334 0.04234393985244443
0.3333333333333333 0.9622504486493763 0.06886503623195847 0.06886501185224991
0.3333333333333333 1.1547005383792515 0.09859765861112456 0.09859752968419414
0.4166666666666667 -1.1547005383792515 0.06519280078336971 0.0651928119430896
0.4166666666666667 -0.9622504486493763 0.0551722607084607 0.055172367677962596
0.4166666666666667 -0.769800358919501 0.0426113539155583 0.042611476828021265
0.4166666666666667 -0.5773502691896257 0.04198434893278917 0.04198442359841279
0.4166666666666667 -0.3849001794597505 0.042584876902495586 0.04258488705158643
0.4166666666666667 -0.19245008972987526 0.055179265746459635 0.05517931434739604
0.4166666666666667 0.0 0.06519280078336968 0.06519281194308975
0.4166666666666667 0.19245008972987526 0.0551722607084607 0.055172367677962714
0.4166666666666667 0.3849001794597505 0.042611353915558356 0.04261147682802134
0.4166666666666667 0.5773502691896257 0.041984348932789274 0.041984423598412715
0.4166666666666667 0.769800358919501 0.042584876902495634 0.04258488705158642
0.4166666666666667 0.9622504486493763 0.055179265746459684 0.05517931434739611
0.4166666666666667 1.1547005383792515 0.06519280078336973 0.0651928119430897
0.5 -1.1547005383792515 0.050236951888916644 0.05023703170172208
0.5 -0.9622504486493763 0.04771714390977431 0.047717244319442104
0.5 -0.769800358919501 0.047717143909774294 0.04771724431944205
0.5 -0.5773502691896257 0.05023695188891666 0.050237031701722105
0.5 -0.3849001794597505 0.047691105701309126 0.04769114447883577
0.5 -0.19245008972987526 0.04769110570130905 0.04769114447883567
0.5 0.0 0.05023695188891667 0.05023703170172211
0.5 0.19245008972987526 0.047717143909774364 0.04771724431944205
0.5 0.3849001794597505 0.047717143909774225 0.04771724431944202
0.5 0.5773502691896257 0.05023695188891667 0.05023703170172211
0.5 0.769800358919501 0.04769110570130898 0.0476911444788356
0.5 0.9622504486493763 0.04769110570130913 0.04769114447883575
0.5 1.1547005383792515 0.05023695188891669 0.05023703170172211
0.5833333333333334 -1.1547005383792515 0.04198434893278923 0.04198442359841268
0.5833333333333334 -0.9622504486493763 0.04261135391555831 0.04261147682802137
0.5833333333333334 -0.769800358919501 0.05517226070846069 0.055172367677962846
0.5833333333333334 -0.5773502691896257 0.06519280078336973 0.06519281194308973
0.5833333333333334 -0.3849001794597505 0.05517926574645955 0.05517931434739613
0.5833333333333334 -0.19245008972987526 0.042584876902495634 0.04258488705158644
0.5833333333333334 0.0 0.0419843489327892 0.041984423598412625
0.5833333333333334 0.19245008972987526 0.04261135391555841 0.04261147682802139
0.5833333333333334 0.3849001794597505 0.055172260708460645 0.05517236767796281
0.5833333333333334 0.5773502691896257 0.06519280078336971 0.06519281194308964
0.5833333333333334 0.769800358919501 0.05517926574645978 0.05517931434739618
0.5833333333333334 0.9622504486493763 0.04258487690249562 0.042584887051586445
0.5833333333333334 1.1547005383792515 0.0419843489327892 0.04198442359841276
0.6666666666666666 -1.1547005383792515 0.03698634836112509 0.036986396489750106
0.6666666666666666 -0.9622504486493763 0.04234511998195801 0.042345181630027484
0.6666666666666666 -0.769800358919501 0.06882652361524998 0.06882655849133339
0.6666666666666666 -0.5773502691896257 0.09859765861112492 0.0985975296841944
0.6666666666666666 -0.3849001794597505 0.06886503623195823 0.06886501185224979
0.6666666666666666 -0.19245008972987526 0.04234394969858339 0.04234393985244438
0.6666666666666666 0.0 0.036986348361124875 0.03698639648975001
0.6666666666666666 0.19245008972987526 0.042345119981958376 0.04234518163002783
0.6666666666666666 0.3849001794597505 0.06882652361525003 0.06882655849133323
0.6666666666666666 0.5773502691896257 0.09859765861112492 0.09859752968419454
0.6666666666666666 0.769800358919501 0.06886503623195833 0.06886501185224991
0.6666666666666666 0.9622504486493763 0.042343949698583024 0.04234393985244404
0.6666666666666666 1.1547005383792515 0.03698634836112518 0.036986396489750106
0.75 -1.1547005383792515 0.03672020121124891 0.03672015652161679
0.75 -0.9622504486493763 0.04343424935055995 0.04343430212632471
0.75 -0.769800358919501 0.10054682147389114 0.10054666354389467
0.75 -0.5773502691896257 0.4282505618998629 0.42825103253393904
0.75 -0.3849001794597505 0.10056002407300146 0.10055981607986304
0.75 -0.19245008972987526 0.04345796532477018 0.04345795419436234
0.75 0.0 0.03672020121124895 0.03672015652161689
0.75 0.19245008972987526 0.043434249350559735 0.04343430212632454
0.75 0.3849001794597505 0.1005468214738912 0.10054666354389442
0.75 0.5773502691896257 0.4282505618998631 0.4282510325339389
0.75 0.769800358919501 0.10056002407300145 0.10055981607986311
0.75 0.9622504486493763 0.04345796532477029 0.04345795419436247
0.75 1.1547005383792515 0.036720201211248985 0.03672015652161697
0.8333333333333334 -1.1547005383792515 0.03716040347431742 0.03716030407703761
0.8333333333333334 -0.9622504486493763 0.04744100879432833 0.047440969434854825
0.8333333333333334 -0.769800358919501 0.44247609670563126 0.4424766682967667
0.8333333333333334 -0.5773502691896257 0.7645208300534323 0.7645207753045745
0.8333333333333334 -0.3849001794597505 0.44257982155850517 0.44258040727692416
0.8333333333333334 -0.19245008972987526 0.04746324791378536 0.04746314260984354
0.8333333333333334 0.0 0.03716040347431729 0.037160304077037465
0.8333333333333334 0.19245008972987526 0.04744100879432836 0.0474409694348548
0.8333333333333334 0.3849001794597505 0.4424760967056309 0.4424766682967666
0.8333333333333334 0.5773502691896257 0.7645208300534327 0.7645207753045747
0.8333333333333334 0.769800358919501 0.44257982155850495 0.4425804072769237
0.8333333333333334 0.9622504486493763 0.04746324791378546 0.04746314260984349
0.8333333333333334 1.1547005383792515 0.03716040347431756 0.03716030407703763
0.9166666666666666 -1.1547005383792515 0.03790946186578617 0.037909316088697936
0.9166666666666666 -0.9622504486493763 0.05203669129146365 0.05203657105651072
0.9166666666666666 -0.769800358919501 0.752458742829908 0.7524586392855618
0.9166666666666666 -0.5773502691896257 0.7816268078069439 0.7816267888142446
0.9166666666666666 -0.3849001794597505 0.7524584991531356 0.7524583444917179
0.9166666666666666 -0.19245008972987526 0.05205190173029535 0.052051773816797334
0.9166666666666666 0.0 0.03790946186578627 0.037909316088698186
0.9166666666666666 0.19245008972987526 0.05203669129146371 0.052036571056510744
0.9166666666666666 0.3849001794597505 0.7524587428299077 0.7524586392855631
0.9166666666666666 0.5773502691896257 0.7816268078069444 0.7816267888142444
0.9166666666666666 0.769800358919501 0.7524584991531355 0.7524583444917177
0.9166666666666666 0.9622504486493763 0.05205190173029539 0.05205177381679752
0.9166666666666666 1.1547005383792515 0.037909461865786184 0.03790931608869815
1.0 -1.1547005383792515 0.0384296933610834 0.03842953038161111
1.0 -0.9622504486493763 0.05380554502779147 0.05380541636475007
1.0 -0.769800358919501 0.7653231350277928 0.7653229748925271
1.0 -0.5773502691896257 0.7843387835277508 0.7843387961038341
1.0 -0.3849001794597505 0.7653231350277928 0.7653229748925272
1.0 -0.19245008972987526 0.053805545027791515 0.053805416364750044
1.0 0.0 0.0384296933610834 0.03842953038161111
1.0 0.19245008972987526 0.053805545027791585 0.05380541636475
1.0 0.3849001794597505 0.7653231350277926 0.7653229748925269
1.0 0.5773502691896257 0.7843387835277508 0.7843387961038341
1.0 0.769800358919501 0.7653231350277927 0.765322974892527
1.0 0.9622504486493763 0.053805545027791495 0.05380541636475004
1.0 1.1547005383792515 0.0384296933610834 0.03842953038161111
