-1.0 -1.1547005383792515 0.2574368508333335 0.2306108286983339
-1.0 -0.9622504486493763 0.38497651812777745 0.3456988637738884
-1.0 -0.769800358919501 0.6328660806166669 0.6036006862816665
-1.0 -0.5773502691896257 0.6346750050111116 0.605460744523889
-1.0 -0.3849001794597505 0.632866080616667 0.6036006862816669
-1.0 -0.19245008972987526 0.38497651812777717 0.34569886377388864
-1.0 0.0 0.2574368508333335 0.2306108286983339
-1.0 0.19245008972987526 0.38497651812777717 0.3456988637738886
-1.0 0.3849001794597505 0.632866080616667 0.6036006862816667
-1.0 0.5773502691896257 0.6346750050111116 0.605460744523889
-1.0 0.769800358919501 0.6328660806166669 0.6036006862816665
-1.0 0.9622504486493763 0.38497651812777756 0.34569886377388853
-1.0 1.1547005383792515 0.2574368508333335 0.2306108286983339
-0.8333333333333334 -1.1547005383792515 0.2162667744251184 0.1967610283407326
-0.8333333333333334 -0.9622504486493763 0.28680790021370983 0.25474394472670453
-0.8333333333333334 -0.769800358919501 0.6253949480676635 0.5961625984957636
-0.8333333333333334 -0.5773502691896257 0.6323438758304373 0.601871703270378
-0.8333333333333334 -0.3849001794597505 0.6253882570585116 0.5961593133844074
-0.8333333333333334 -0.19245008972987526 0.28675192273789163 0.25466062344868057
-0.8333333333333334 0.0 0.2162667744251182 0.1967610283407326
-0.8333333333333334 0.19245008972987526 0.2868079002137097 0.2547439447267045
-0.8333333333333334 0.3849001794597505 0.6253949480676636 0.5961625984957636
-0.8333333333333334 0.5773502691896257 0.6323438758304369 0.6018717032703781
-0.8333333333333334 0.769800358919501 0.6253882570585116 0.5961593133844072
-0.8333333333333334 0.9622504486493763 0.28675192273789185 0.2546606234486807
-0.8333333333333334 1.1547005383792515 0.21626677442511832 0.19676102834073278
-0.6666666666666666 -1.1547005383792515 0.19277649594444493 0.17786315977388928
-0.6666666666666666 -0.9622504486493763 0.2200234207416664 0.20147839544833332
-0.6666666666666666 -0.769800358919501 0.5093410734861101 0.4694819993572218
-0.6666666666666666 -0.5773502691896257 0.5569847322666662 0.5063413189483335
-0.6666666666666666 -0.3849001794597505 0.5091944560861108 0.4693161929405549
-0.6666666666666666 -0.19245008972987526 0.22011637980833312 0.20155245186499973
-0.6666666666666666 0.0 0.1927764959444447 0.17786315977388928
-0.6666666666666666 0.19245008972987526 0.2200234207416664 0.2014783954483333
-0.6666666666666666 0.3849001794597505 0.5093410734861104 0.46948199935722196
-0.6666666666666666 0.5773502691896257 0.5569847322666662 0.5063413189483337
-0.6666666666666666 0.769800358919501 0.5091944560861108 0.46931619294055454
-0.6666666666666666 0.9622504486493763 0.22011637980833332 0.20155245186499968
-0.6666666666666666 1.1547005383792515 0.1927764959444446 0.1778631597738895
-0.5 -1.1547005383792515 0.21938426061111138 0.2025296630555557
-0.5 -0.9622504486493763 0.21762381081456222 0.20182357927834077
-0.5 -0.769800358919501 0.21762381081456209 0.20182357927834066
-0.5 -0.5773502691896257 0.21938426061111135 0.20252966305555567
-0.5 -0.3849001794597505 0.21770516524099343 0.2019186909994367
-0.5 -0.19245008972987526 0.21770516524099348 0.2019186909994367
-0.5 0.0 0.21938426061111135 0.20252966305555567
-0.5 0.19245008972987526 0.21762381081456217 0.20182357927834071
-0.5 0.3849001794597505 0.2176238108145622 0.20182357927834077
-0.5 0.5773502691896257 0.2193842606111114 0.20252966305555573
-0.5 0.769800358919501 0.2177051652409936 0.2019186909994366
-0.5 0.9622504486493763 0.2177051652409935 0.2019186909994366
-0.5 1.1547005383792515 0.21938426061111144 0.20252966305555575
-0.3333333333333333 -1.1547005383792515 0.5569847322666664 0.5063413189483336
-0.3333333333333333 -0.9622504486493763 0.5093410734861109 0.4694819993572223
-0.3333333333333333 -0.769800358919501 0.22002342074166648 0.20147839544833343
-0.3333333333333333 -0.5773502691896257 0.1927764959444446 0.1778631597738894
-0.3333333333333333 -0.3849001794597505 0.2201163798083333 0.20155245186499995
-0.3333333333333333 -0.19245008972987526 0.509194456086111 0.4693161929405549
-0.3333333333333333 0.0 0.5569847322666664 0.5063413189483337
-0.3333333333333333 0.19245008972987526 0.5093410734861107 0.46948199935722196
-0.3333333333333333 0.3849001794597505 0.22002342074166656 0.20147839544833354
-0.3333333333333333 0.5773502691896257 0.19277649594444463 0.17786315977388922
-0.3333333333333333 0.769800358919501 0.22011637980833318 0.2015524518649998
-0.3333333333333333 0.9622504486493763 0.509194456086111 0.46931619294055527
-0.3333333333333333 1.1547005383792515 0.5569847322666663 0.5063413189483333
-0.16666666666666666 -1.1547005383792515 0.6323438758304368 0.6018717032703783
-0.16666666666666666 -0.9622504486493763 0.6253949480676635 0.5961625984957635
-0.16666666666666666 -0.769800358919501 0.2868079002137096 0.2547439447267044
-0.16666666666666666 -0.5773502691896257 0.21626677442511827 0.19676102834073267
-0.16666666666666666 -0.3849001794597505 0.28675192273789174 0.2546606234486806
-0.16666666666666666 -0.19245008972987526 0.6253882570585116 0.5961593133844073
-0.16666666666666666 0.0 0.6323438758304369 0.601871703270378
-0.16666666666666666 0.19245008972987526 0.6253949480676635 0.5961625984957635
-0.16666666666666666 0.3849001794597505 0.2868079002137098 0.2547439447267045
-0.16666666666666666 0.5773502691896257 0.2162667744251181 0.1967610283407326
-0.16666666666666666 0.769800358919501 0.2867519227378917 0.25466062344868046
-0.16666666666666666 0.9622504486493763 0.6253882570585113 0.5961593133844076
-0.16666666666666666 1.1547005383792515 0.6323438758304373 0.6018717032703782
0.0 -1.1547005383792515 0.6346750050111116 0.605460744523889
0.0 -0.9622504486493763 0.6328660806166674 0.603600686281667
0.0 -0.769800358919501 0.384976518127777 0.3456988637738886
0.0 -0.5773502691896257 0.2574368508333335 0.2306108286983339
0.0 -0.3849001794597505 0.3849765181277774 0.3456988637738886
0.0 -0.19245008972987526 0.6328660806166669 0.6036006862816666
0.0 0.0 0.6346750050111116 0.605460744523889
0.0 0.19245008972987526 0.6328660806166669 0.6036006862816666
0.0 0.3849001794597505 0.3849765181277774 0.3456988637738886
0.0 0.5773502691896257 0.2574368508333335 0.2306108286983339
0.0 0.769800358919501 0.384976518127777 0.3456988637738886
0.0 0.9622504486493763 0.6328660806166674 0.603600686281667
0.0 1.1547005383792515 0.6346750050111116 0.605460744523889
0.16666666666666666 -1.1547005383792515 0.6323438758304373 0.6018717032703782
0.16666666666666666 -0.9622504486493763 0.6253882570585113 0.5961593133844076
0.16666666666666666 -0.769800358919501 0.2867519227378917 0.25466062344868046
0.16666666666666666 -0.5773502691896257 0.2162667744251181 0.1967610283407326
0.16666666666666666 -0.3849001794597505 0.2868079002137098 0.2547439447267045
0.16666666666666666 -0.19245008972987526 0.6253949480676635 0.5961625984957635
0.16666666666666666 0.0 0.6323438758304369 0.601871703270378
0.16666666666666666 0.19245008972987526 0.6253882570585116 0.5961593133844073
0.16666666666666666 0.3849001794597505 0.28675192273789174 0.2546606234486806
0.16666666666666666 0.5773502691896257 0.21626677442511827 0.19676102834073267
0.16666666666666666 0.769800358919501 0.2868079002137096 0.2547439447267044
0.16666666666666666 0.9622504486493763 0.6253949480676635 0.5961625984957635
0.16666666666666666 1.1547005383792515 0.6323438758304368 0.6018717032703783
0.3333333333333333 -1.1547005383792515 0.5569847322666663 0.5063413189483333
0.3333333333333333 -0.9622504486493763 0.509194456086111 0.46931619294055527
0.3333333333333333 -0.769800358919501 0.22011637980833318 0.2015524518649998
0.3333333333333333 -0.5773502691896257 0.19277649594444463 0.17786315977388922
0.3333333333333333 -0.3849001794597505 0.22002342074166656 0.20147839544833354
0.3333333333333333 -0.19245008972987526 0.5093410734861107 0.46948199935722196
0.3333333333333333 0.0 0.5569847322666664 0.5063413189483337
0.3333333333333333 0.19245008972987526 0.509194456086111 0.4693161929405549
0.3333333333333333 0.3849001794597505 0.2201163798083333 0.20155245186499995
0.3333333333333333 0.5773502691896257 0.1927764959444446 0.1778631597738894
0.3333333333333333 0.769800358919501 0.22002342074166648 0.20147839544833343
0.3333333333333333 0.9622504486493763 0.5093410734861109 0.4694819993572223
0.3333333333333333 1.1547005383792515 0.5569847322666664 0.5063413189483336
0.5 -1.1547005383792515 0.21938426061111144 0.20252966305555575
0.5 -0.9622504486493763 0.2177051652409935 0.2019186909994366
0.5 -0.769800358919501 0.2177051652409936 0.2019186909994366
0.5 -0.5773502691896257 0.2193842606111114 0.20252966305555573
0.5 -0.3849001794597505 0.2176238108145622 0.20182357927834077
0.5 -0.19245008972987526 0.21762381081456217 0.20182357927834071
0.5 0.0 0.21938426061111135 0.20252966305555567
0.5 0.19245008972987526 0.21770516524099348 0.2019186909994367
0.5 0.3849001794597505 0.21770516524099343 0.2019186909994367
0.5 0.5773502691896257 0.21938426061111135 0.20252966305555567
0.5 0.769800358919501 0.21762381081456209 0.20182357927834066
0.5 0.9622504486493763 0.21762381081456222 0.20182357927834077
0.5 1.1547005383792515 0.21938426061111138 0.2025296630555557
0.6666666666666666 -1.1547005383792515 0.1927764959444446 0.1778631597738895
0.6666666666666666 -0.9622504486493763 0.22011637980833332 0.20155245186499968
0.6666666666666666 -0.769800358919501 0.5091944560861108 0.46931619294055454
0.6666666666666666 -0.5773502691896257 0.5569847322666662 0.5063413189483337
0.6666666666666666 -0.3849001794597505 0.5093410734861104 0.46948199935722196
0.6666666666666666 -0.19245008972987526 0.2200234207416664 0.2014783954483333
0.6666666666666666 0.0 0.1927764959444447 0.17786315977388928
0.6666666666666666 0.19245008972987526 0.22011637980833312 0.20155245186499973
0.6666666666666666 0.3849001794597505 0.5091944560861108 0.4693161929405549
0.6666666666666666 0.5773502691896257 0.5569847322666662 0.5063413189483335
0.6666666666666666 0.769800358919501 0.5093410734861101 0.4694819993572218
0.6666666666666666 0.9622504486493763 0.2200234207416664 0.20147839544833332
0.6666666666666666 1.1547005383792515 0.19277649594444493 0.17786315977388928
0.8333333333333334 -1.1547005383792515 0.21626677442511832 0.19676102834073278
0.8333333333333334 -0.9622504486493763 0.28675192273789185 0.2546606234486807
0.8333333333333334 -0.769800358919501 0.6253882570585116 0.5961593133844072
0.8333333333333334 -0.5773502691896257 0.6323438758304369 0.6018717032703781
0.8333333333333334 -0.3849001794597505 0.6253949480676636 0.5961625984957636
0.8333333333333334 -0.19245008972987526 0.2868079002137097 0.2547439447267045
0.8333333333333334 0.0 0.2162667744251182 0.1967610283407326
0.8333333333333334 0.19245008972987526 0.28675192273789163 0.25466062344868057
0.8333333333333334 0.3849001794597505 0.6253882570585116 0.5961593133844074
0.8333333333333334 0.5773502691896257 0.6323438758304373 0.601871703270378
0.8333333333333334 0.769800358919501 0.6253949480676635 0.5961625984957636
0.8333333333333334 0.9622504486493763 0.28680790021370983 0.25474394472670453
0.8333333333333334 1.1547005383792515 0.2162667744251184 0.1967610283407326
1.0 -1.1547005383792515 0.2574368508333335 0.2306108286983339
1.0 -0.9622504486493763 0.38497651812777756 0.34569886377388853
1.0 -0.769800358919501 0.6328660806166669 0.6036006862816665
1.0 -0.5773502691896257 0.6346750050111116 0.605460744523889
1.0 -0.3849001794597505 0.632866080616667 0.6036006862816667
1.0 -0.19245008972987526 0.38497651812777717 0.3456988637738886
1.0 0.0 0.2574368508333335 0.2306108286983339
1.0 0.19245008972987526 0.38497651812777717 0.34569886377388864
1.0 0.3849001794597505 0.632866080616667 0.6036006862816669
1.0 0.5773502691896257 0.6346750050111116 0.605460744523889
1.0 0.769800358919501 0.6328660806166669 0.6036006862816665
1.0 0.9622504486493763 0.38497651812777745 0.3456988637738884
1.0 1.1547005383792515 0.2574368508333335 0.2306108286983339
