-1.0 -1.1547005383792515 2.333333333333333 0.3435919273456337 0.3261588388560667
-1.0 -0.9622504486493763 1.925925925925926 0.5350706377881496 0.5056600517554659
-1.0 -0.769800358919501 1.5925925925925926 0.5646432018096822 0.5477688369904672
-1.0 -0.5773502691896257 1.3333333333333333 0.5654114306167001 0.5485799723680657
-1.0 -0.3849001794597505 1.1481481481481481 0.5646432018096822 0.5477688369904672
-1.0 -0.19245008972987526 1.037037037037037 0.5350706377881496 0.5056600517554661
-1.0 0.0 1.0 0.3435919273456337 0.3261588388560667
-1.0 0.19245008972987526 1.037037037037037 0.5350706377881495 0.505660051755466
-1.0 0.3849001794597505 1.1481481481481481 0.5646432018096822 0.5477688369904671
-1.0 0.5773502691896257 1.3333333333333333 0.5654114306167001 0.5485799723680657
-1.0 0.769800358919501 1.5925925925925926 0.5646432018096821 0.5477688369904672
-1.0 0.9622504486493763 1.925925925925926 0.5350706377881495 0.5056600517554661
-1.0 1.1547005383792515 2.333333333333333 0.3435919273456337 0.3261588388560667
-0.9 -1.1547005383792515 2.1433333333333335 0.3240198660998772 0.30866093850777016
-0.9 -0.9622504486493763 1.735925925925926 0.5222533496196484 0.4946892016064836
-0.9 -0.769800358919501 1.4025925925925926 0.5634453299082782 0.5465574531973025
-0.9 -0.5773502691896257 1.1433333333333333 0.5650603594805933 0.5483024269372709
-0.9 -0.3849001794597505 0.9581481481481482 0.5634419838476645 0.5465555542617655
-0.9 -0.19245008972987526 0.8470370370370371 0.5225158742387348 0.494644537437512
-0.9 0.0 0.81 0.3240198660998771 0.30866093850777016
-0.9 0.19245008972987526 0.8470370370370371 0.5222533496196486 0.4946892016064835
-0.9 0.3849001794597505 0.9581481481481482 0.5634453299082781 0.5465574531973025
-0.9 0.5773502691896257 1.1433333333333333 0.5650603594805933 0.5483024269372708
-0.9 0.769800358919501 1.4025925925925926 0.5634419838476646 0.5465555542617653
-0.9 0.9622504486493763 1.735925925925926 0.522515874238735 0.49464453743751224
-0.9 1.1547005383792515 2.1433333333333335 0.3240198660998773 0.30866093850777027
-0.8 -1.1547005383792515 1.9733333333333334 0.292175820028072 0.2780015933239024
-0.8 -0.9622504486493763 1.5659259259259262 0.4273229549043333 0.4082664374059808
-0.8 -0.769800358919501 1.2325925925925927 0.5586268321427345 0.5409355652865004
-0.8 -0.5773502691896257 0.9733333333333334 0.5630102855676262 0.5462353803205184
-0.8 -0.3849001794597505 0.7881481481481483 0.5586322747682962 0.540929459034038
-0.8 -0.19245008972987526 0.6770370370370372 0.4273293266417078 0.40812316909029106
-0.8 0.0 0.6400000000000001 0.2921758200280719 0.2780015933239024
-0.8 0.19245008972987526 0.6770370370370372 0.42732295490433314 0.40826643740598045
-0.8 0.3849001794597505 0.7881481481481483 0.5586268321427343 0.5409355652865004
-0.8 0.5773502691896257 0.9733333333333334 0.5630102855676261 0.5462353803205185
-0.8 0.769800358919501 1.2325925925925927 0.5586322747682961 0.540929459034038
-0.8 0.9622504486493763 1.5659259259259262 0.4273293266417079 0.408123169090291
-0.8 1.1547005383792515 1.9733333333333334 0.2921758200280719 0.2780015933239024
-0.7 -1.1547005383792515 1.8233333333333333 0.2809081511498233 0.2688471161304596
-0.7 -0.9622504486493763 1.4159259259259258 0.35766100534343187 0.3451585740784399
-0.7 -0.769800358919501 1.0825925925925926 0.5321194110062751 0.5131763600145235
-0.7 -0.5773502691896257 0.8233333333333333 0.5490397069908719 0.5362107359797665
-0.7 -0.3849001794597505 0.6381481481481481 0.5321378316628819 0.513105241459892
-0.7 -0.19245008972987526 0.527037037037037 0.3576382082529139 0.34515146152681625
-0.7 0.0 0.48999999999999994 0.2809081511498232 0.2688471161304596
-0.7 0.19245008972987526 0.527037037037037 0.357661005343432 0.34515857407844003
-0.7 0.3849001794597505 0.6381481481481481 0.532119411006275 0.5131763600145234
-0.7 0.5773502691896257 0.8233333333333333 0.5490397069908717 0.536210735979767
-0.7 0.769800358919501 1.0825925925925926 0.5321378316628816 0.5131052414598922
-0.7 0.9622504486493763 1.4159259259259258 0.35763820825291387 0.34515146152681647
-0.7 1.1547005383792515 1.8233333333333333 0.28090815114982326 0.26884711613045964
-0.6 -1.1547005383792515 1.6933333333333334 0.29585667121655823 0.2839095749456133
-0.6 -0.9622504486493763 1.285925925925926 0.3475745837079796 0.3351711596274385
-0.6 -0.769800358919501 0.9525925925925927 0.4442195955183706 0.42882076849611706
-0.6 -0.5773502691896257 0.6933333333333334 0.46634381115657597 0.4610098316312313
-0.6 -0.3849001794597505 0.5081481481481481 0.44411966571890454 0.4287221747229756
-0.6 -0.19245008972987526 0.397037037037037 0.3476473970998439 0.33523466125739043
-0.6 0.0 0.36 0.29585667121655823 0.2839095749456132
-0.6 0.19245008972987526 0.397037037037037 0.3475745837079795 0.3351711596274385
-0.6 0.3849001794597505 0.5081481481481481 0.4442195955183707 0.4288207684961174
-0.6 0.5773502691896257 0.6933333333333334 0.46634381115657597 0.4610098316312313
-0.6 0.769800358919501 0.9525925925925927 0.44411966571890465 0.42872217472297547
-0.6 0.9622504486493763 1.285925925925926 0.34764739709984366 0.33523466125739054
-0.6 1.1547005383792515 1.6933333333333334 0.2958566712165581 0.2839095749456134
-0.5 -1.1547005383792515 1.5833333333333333 0.3488783859955002 0.33263323827806723
-0.5 -0.9622504486493763 1.175925925925926 0.3768908904514349 0.3600460282062796
-0.5 -0.769800358919501 0.8425925925925927 0.3768908904514348 0.3600460282062793
-0.5 -0.5773502691896257 0.5833333333333333 0.3488783859955002 0.33263323827806723
-0.5 -0.3849001794597505 0.39814814814814814 0.37691340890206493 0.3601010628776551
-0.5 -0.19245008972987526 0.28703703703703703 0.37691340890206504 0.3601010628776552
-0.5 0.0 0.25 0.3488783859955002 0.33263323827806723
-0.5 0.19245008972987526 0.28703703703703703 0.3768908904514348 0.3600460282062793
-0.5 0.3849001794597505 0.39814814814814814 0.376890890451435 0.3600460282062794
-0.5 0.5773502691896257 0.5833333333333333 0.3488783859955002 0.3326332382780671
-0.5 0.769800358919501 0.8425925925925927 0.3769134089020651 0.360101062877655
-0.5 0.9622504486493763 1.175925925925926 0.37691340890206493 0.3601010628776552
-0.5 1.1547005383792515 1.5833333333333333 0.3488783859955002 0.33263323827806723
-0.4 -1.1547005383792515 1.4933333333333332 0.46634381115657597 0.46100983163123144
-0.4 -0.9622504486493763 1.085925925925926 0.4442195955183707 0.4288207684961174
-0.4 -0.769800358919501 0.7525925925925927 0.3475745837079794 0.3351711596274384
-0.4 -0.5773502691896257 0.49333333333333335 0.29585667121655823 0.2839095749456132
-0.4 -0.3849001794597505 0.30814814814814817 0.3476473970998439 0.33523466125739054
-0.4 -0.19245008972987526 0.19703703703703707 0.44411966571890465 0.42872217472297547
-0.4 0.0 0.16000000000000003 0.4663438111565761 0.46100983163123144
-0.4 0.19245008972987526 0.19703703703703707 0.4442195955183707 0.42882076849611717
-0.4 0.3849001794597505 0.30814814814814817 0.3475745837079795 0.3351711596274385
-0.4 0.5773502691896257 0.49333333333333335 0.2958566712165581 0.2839095749456131
-0.4 0.769800358919501 0.7525925925925927 0.3476473970998439 0.33523466125739065
-0.4 0.9622504486493763 1.085925925925926 0.44411966571890454 0.4287221747229757
-0.4 1.1547005383792515 1.4933333333333332 0.46634381115657586 0.4610098316312312
-0.3 -1.1547005383792515 1.4233333333333333 0.5490397069908716 0.536210735979767
-0.3 -0.9622504486493763 1.015925925925926 0.5321194110062755 0.5131763600145236
-0.3 -0.769800358919501 0.6825925925925926 0.3576610053434321 0.3451585740784401
-0.3 -0.5773502691896257 0.42333333333333334 0.28090815114982326 0.2688471161304597
-0.3 -0.3849001794597505 0.23814814814814816 0.3576382082529139 0.34515146152681647
-0.3 -0.19245008972987526 0.12703703703703703 0.5321378316628818 0.513105241459892
-0.3 0.0 0.09 0.5490397069908718 0.5362107359797667
-0.3 0.19245008972987526 0.12703703703703703 0.5321194110062754 0.5131763600145234
-0.3 0.3849001794597505 0.23814814814814816 0.35766100534343204 0.34515857407844
-0.3 0.5773502691896257 0.42333333333333334 0.2809081511498232 0.2688471161304596
-0.3 0.769800358919501 0.6825925925925926 0.35763820825291404 0.34515146152681625
-0.3 0.9622504486493763 1.015925925925926 0.5321378316628819 0.5131052414598922
-0.3 1.1547005383792515 1.4233333333333333 0.5490397069908718 0.5362107359797665
-0.2 -1.1547005383792515 1.3733333333333333 0.5630102855676267 0.5462353803205185
-0.2 -0.9622504486493763 0.965925925925926 0.5586268321427342 0.5409355652865007
-0.2 -0.769800358919501 0.6325925925925927 0.42732295490433314 0.40826643740598056
-0.2 -0.5773502691896257 0.3733333333333333 0.29217582002807174 0.2780015933239024
-0.2 -0.3849001794597505 0.18814814814814818 0.4273293266417079 0.4081231690902909
-0.2 -0.19245008972987526 0.07703703703703704 0.558632274768296 0.5409294590340381
-0.2 0.0 0.04000000000000001 0.5630102855676267 0.5462353803205185
-0.2 0.19245008972987526 0.07703703703703704 0.5586268321427343 0.5409355652865006
-0.2 0.3849001794597505 0.18814814814814818 0.42732295490433314 0.4082664374059808
-0.2 0.5773502691896257 0.3733333333333333 0.29217582002807174 0.2780015933239024
-0.2 0.769800358919501 0.6325925925925927 0.4273293266417077 0.4081231690902907
-0.2 0.9622504486493763 0.965925925925926 0.5586322747682961 0.5409294590340381
-0.2 1.1547005383792515 1.3733333333333333 0.5630102855676266 0.5462353803205188
-0.1 -1.1547005383792515 1.3433333333333333 0.5650603594805935 0.5483024269372709
-0.1 -0.9622504486493763 0.9359259259259259 0.5634453299082781 0.5465574531973025
-0.1 -0.769800358919501 0.6025925925925927 0.5222533496196485 0.4946892016064836
-0.1 -0.5773502691896257 0.3433333333333333 0.3240198660998772 0.30866093850777004
-0.1 -0.3849001794597505 0.15814814814814818 0.5225158742387349 0.494644537437512
-0.1 -0.19245008972987526 0.047037037037037044 0.5634419838476645 0.5465555542617656
-0.1 0.0 0.010000000000000002 0.5650603594805934 0.5483024269372708
-0.1 0.19245008972987526 0.047037037037037044 0.5634453299082782 0.5465574531973025
-0.1 0.3849001794597505 0.15814814814814818 0.5222533496196485 0.4946892016064835
-0.1 0.5773502691896257 0.3433333333333333 0.3240198660998772 0.30866093850777004
-0.1 0.769800358919501 0.6025925925925927 0.5225158742387348 0.494644537437512
-0.1 0.9622504486493763 0.9359259259259259 0.5634419838476645 0.5465555542617656
-0.1 1.1547005383792515 1.3433333333333333 0.5650603594805933 0.5483024269372708
0.0 -1.1547005383792515 1.3333333333333333 0.5654114306167001 0.5485799723680657
0.0 -0.9622504486493763 0.9259259259259259 0.5646432018096822 0.5477688369904671
0.0 -0.769800358919501 0.5925925925925927 0.5350706377881496 0.5056600517554662
0.0 -0.5773502691896257 0.3333333333333333 0.3435919273456337 0.3261588388560667
0.0 -0.3849001794597505 0.14814814814814817 0.5350706377881496 0.5056600517554661
0.0 -0.19245008972987526 0.03703703703703704 0.5646432018096822 0.5477688369904672
0.0 0.0 0.0 0.5654114306167001 0.5485799723680657
0.0 0.19245008972987526 0.03703703703703704 0.5646432018096822 0.5477688369904672
0.0 0.3849001794597505 0.14814814814814817 0.5350706377881496 0.5056600517554661
0.0 0.5773502691896257 0.3333333333333333 0.3435919273456337 0.3261588388560667
0.0 0.769800358919501 0.5925925925925927 0.5350706377881496 0.5056600517554662
0.0 0.9622504486493763 0.9259259259259259 0.5646432018096822 0.5477688369904671
0.0 1.1547005383792515 1.3333333333333333 0.5654114306167001 0.5485799723680657
0.1 -1.1547005383792515 1.3433333333333333 0.5650603594805933 0.5483024269372708
0.1 -0.9622504486493763 0.9359259259259259 0.5634419838476645 0.5465555542617656
0.1 -0.769800358919501 0.6025925925925927 0.5225158742387348 0.494644537437512
0.1 -0.5773502691896257 0.3433333333333333 0.3240198660998772 0.30866093850777004
0.1 -0.3849001794597505 0.15814814814814818 0.5222533496196485 0.4946892016064835
0.1 -0.19245008972987526 0.047037037037037044 0.5634453299082782 0.5465574531973025
0.1 0.0 0.010000000000000002 0.5650603594805934 0.5483024269372708
0.1 0.19245008972987526 0.047037037037037044 0.5634419838476645 0.5465555542617656
0.1 0.3849001794597505 0.15814814814814818 0.5225158742387349 0.494644537437512
0.1 0.5773502691896257 0.3433333333333333 0.3240198660998772 0.30866093850777004
0.1 0.769800358919501 0.6025925925925927 0.5222533496196485 0.4946892016064836
0.1 0.9622504486493763 0.9359259259259259 0.5634453299082781 0.5465574531973025
0.1 1.1547005383792515 1.3433333333333333 0.5650603594805935 0.5483024269372709
0.2 -1.1547005383792515 1.3733333333333333 0.5630102855676266 0.5462353803205188
0.2 -0.9622504486493763 0.965925925925926 0.5586322747682961 0.5409294590340381
0.2 -0.769800358919501 0.6325925925925927 0.4273293266417077 0.4081231690902907
0.2 -0.5773502691896257 0.3733333333333333 0.29217582002807174 0.2780015933239024
0.2 -0.3849001794597505 0.18814814814814818 0.42732295490433314 0.4082664374059808
0.2 -0.19245008972987526 0.07703703703703704 0.5586268321427343 0.5409355652865006
0.2 0.0 0.04000000000000001 0.5630102855676267 0.5462353803205185
0.2 0.19245008972987526 0.07703703703703704 0.558632274768296 0.5409294590340381
0.2 0.3849001794597505 0.18814814814814818 0.4273293266417079 0.4081231690902909
0.2 0.5773502691896257 0.3733333333333333 0.29217582002807174 0.2780015933239024
0.2 0.769800358919501 0.6325925925925927 0.42732295490433314 0.40826643740598056
0.2 0.9622504486493763 0.965925925925926 0.5586268321427342 0.5409355652865007
0.2 1.1547005383792515 1.3733333333333333 0.5630102855676267 0.5462353803205185
0.3 -1.1547005383792515 1.4233333333333333 0.5490397069908718 0.5362107359797665
0.3 -0.9622504486493763 1.015925925925926 0.5321378316628819 0.5131052414598922
0.3 -0.769800358919501 0.6825925925925926 0.35763820825291404 0.34515146152681625
0.3 -0.5773502691896257 0.42333333333333334 0.2809081511498232 0.2688471161304596
0.3 -0.3849001794597505 0.23814814814814816 0.35766100534343204 0.34515857407844
0.3 -0.19245008972987526 0.12703703703703703 0.5321194110062754 0.5131763600145234
0.3 0.0 0.09 0.5490397069908718 0.5362107359797667
0.3 0.19245008972987526 0.12703703703703703 0.5321378316628818 0.513105241459892
0.3 0.3849001794597505 0.23814814814814816 0.3576382082529139 0.34515146152681647
0.3 0.5773502691896257 0.42333333333333334 0.28090815114982326 0.2688471161304597
0.3 0.769800358919501 0.6825925925925926 0.3576610053434321 0.3451585740784401
0.3 0.9622504486493763 1.015925925925926 0.5321194110062755 0.5131763600145236
0.3 1.1547005383792515 1.4233333333333333 0.5490397069908716 0.536210735979767
0.4 -1.1547005383792515 1.4933333333333332 0.46634381115657586 0.4610098316312312
0.4 -0.9622504486493763 1.085925925925926 0.44411966571890454 0.4287221747229757
0.4 -0.769800358919501 0.7525925925925927 0.3476473970998439 0.33523466125739065
0.4 -0.5773502691896257 0.49333333333333335 0.2958566712165581 0.2839095749456131
0.4 -0.3849001794597505 0.30814814814814817 0.3475745837079795 0.3351711596274385
0.4 -0.19245008972987526 0.19703703703703707 0.4442195955183707 0.42882076849611717
0.4 0.0 0.16000000000000003 0.4663438111565761 0.46100983163123144
0.4 0.19245008972987526 0.19703703703703707 0.44411966571890465 0.42872217472297547
0.4 0.3849001794597505 0.30814814814814817 0.3476473970998439 0.33523466125739054
0.4 0.5773502691896257 0.49333333333333335 0.29585667121655823 0.2839095749456132
0.4 0.769800358919501 0.7525925925925927 0.3475745837079794 0.3351711596274384
0.4 0.9622504486493763 1.085925925925926 0.4442195955183707 0.4288207684961174
0.4 1.1547005383792515 1.4933333333333332 0.46634381115657597 0.46100983163123144
0.5 -1.1547005383792515 1.5833333333333333 0.3488783859955002 0.33263323827806723
0.5 -0.9622504486493763 1.175925925925926 0.37691340890206493 0.3601010628776552
0.5 -0.769800358919501 0.8425925925925927 0.3769134089020651 0.360101062877655
0.5 -0.5773502691896257 0.5833333333333333 0.3488783859955002 0.3326332382780671
0.5 -0.3849001794597505 0.39814814814814814 0.376890890451435 0.3600460282062794
0.5 -0.19245008972987526 0.28703703703703703 0.3768908904514348 0.3600460282062793
0.5 0.0 0.25 0.3488783859955002 0.33263323827806723
0.5 0.19245008972987526 0.28703703703703703 0.37691340890206504 0.3601010628776552
0.5 0.3849001794597505 0.39814814814814814 0.37691340890206493 0.3601010628776551
0.5 0.5773502691896257 0.5833333333333333 0.3488783859955002 0.33263323827806723
0.5 0.769800358919501 0.8425925925925927 0.3768908904514348 0.3600460282062793
0.5 0.9622504486493763 1.175925925925926 0.3768908904514349 0.3600460282062796
0.5 1.1547005383792515 1.5833333333333333 0.3488783859955002 0.33263323827806723
0.6 -1.1547005383792515 1.6933333333333334 0.2958566712165581 0.2839095749456134
0.6 -0.9622504486493763 1.285925925925926 0.34764739709984366 0.33523466125739054
0.6 -0.769800358919501 0.9525925925925927 0.44411966571890465 0.42872217472297547
0.6 -0.5773502691896257 0.6933333333333334 0.46634381115657597 0.4610098316312313
0.6 -0.3849001794597505 0.5081481481481481 0.4442195955183707 0.4288207684961174
0.6 -0.19245008972987526 0.397037037037037 0.3475745837079795 0.3351711596274385
0.6 0.0 0.36 0.29585667121655823 0.2839095749456132
0.6 0.19245008972987526 0.397037037037037 0.3476473970998439 0.33523466125739043
0.6 0.3849001794597505 0.5081481481481481 0.44411966571890454 0.4287221747229756
0.6 0.5773502691896257 0.6933333333333334 0.46634381115657597 0.4610098316312313
0.6 0.769800358919501 0.9525925925925927 0.4442195955183706 0.42882076849611706
0.6 0.9622504486493763 1.285925925925926 0.3475745837079796 0.3351711596274385
0.6 1.1547005383792515 1.6933333333333334 0.29585667121655823 0.2839095749456133
0.7 -1.1547005383792515 1.8233333333333333 0.28090815114982326 0.26884711613045964
0.7 -0.9622504486493763 1.4159259259259258 0.35763820825291387 0.34515146152681647
0.7 -0.769800358919501 1.0825925925925926 0.5321378316628816 0.5131052414598922
0.7 -0.5773502691896257 0.8233333333333333 0.5490397069908717 0.536210735979767
0.7 -0.3849001794597505 0.6381481481481481 0.532119411006275 0.5131763600145234
0.7 -0.19245008972987526 0.527037037037037 0.357661005343432 0.34515857407844003
0.7 0.0 0.48999999999999994 0.2809081511498232 0.2688471161304596
0.7 0.19245008972987526 0.527037037037037 0.3576382082529139 0.34515146152681625
0.7 0.3849001794597505 0.6381481481481481 0.5321378316628819 0.513105241459892
0.7 0.5773502691896257 0.8233333333333333 0.5490397069908719 0.5362107359797665
0.7 0.769800358919501 1.0825925925925926 0.5321194110062751 0.5131763600145235
0.7 0.9622504486493763 1.4159259259259258 0.35766100534343187 0.3451585740784399
0.7 1.1547005383792515 1.8233333333333333 0.2809081511498233 0.2688471161304596
0.8 -1.1547005383792515 1.9733333333333334 0.2921758200280719 0.2780015933239024
0.8 -0.9622504486493763 1.5659259259259262 0.4273293266417079 0.408123169090291
0.8 -0.769800358919501 1.2325925925925927 0.5586322747682961 0.540929459034038
0.8 -0.5773502691896257 0.9733333333333334 0.5630102855676261 0.5462353803205185
0.8 -0.3849001794597505 0.7881481481481483 0.5586268321427343 0.5409355652865004
0.8 -0.19245008972987526 0.6770370370370372 0.42732295490433314 0.40826643740598045
0.8 0.0 0.6400000000000001 0.2921758200280719 0.2780015933239024
0.8 0.19245008972987526 0.6770370370370372 0.4273293266417078 0.40812316909029106
0.8 0.3849001794597505 0.7881481481481483 0.5586322747682962 0.540929459034038
0.8 0.5773502691896257 0.9733333333333334 0.5630102855676262 0.5462353803205184
0.8 0.769800358919501 1.2325925925925927 0.5586268321427345 0.5409355652865004
0.8 0.9622504486493763 1.5659259259259262 0.4273229549043333 0.4082664374059808
0.8 1.1547005383792515 1.9733333333333334 0.292175820028072 0.2780015933239024
0.9 -1.1547005383792515 2.1433333333333335 0.3240198660998773 0.30866093850777027
0.9 -0.9622504486493763 1.735925925925926 0.522515874238735 0.49464453743751224
0.9 -0.769800358919501 1.4025925925925926 0.5634419838476646 0.5465555542617653
0.9 -0.5773502691896257 1.1433333333333333 0.5650603594805933 0.5483024269372708
0.9 -0.3849001794597505 0.9581481481481482 0.5634453299082781 0.5465574531973025
0.9 -0.19245008972987526 0.8470370370370371 0.5222533496196486 0.4946892016064835
0.9 0.0 0.81 0.3240198660998771 0.30866093850777016
0.9 0.19245008972987526 0.8470370370370371 0.5225158742387348 0.494644537437512
0.9 0.3849001794597505 0.9581481481481482 0.5634419838476645 0.5465555542617655
0.9 0.5773502691896257 1.1433333333333333 0.5650603594805933 0.5483024269372709
0.9 0.769800358919501 1.4025925925925926 0.5634453299082782 0.5465574531973025
0.9 0.9622504486493763 1.735925925925926 0.5222533496196484 0.4946892016064836
0.9 1.1547005383792515 2.1433333333333335 0.3240198660998772 0.30866093850777016
1.0 -1.1547005383792515 2.333333333333333 0.3435919273456337 0.3261588388560667
1.0 -0.9622504486493763 1.925925925925926 0.5350706377881495 0.5056600517554661
1.0 -0.769800358919501 1.5925925925925926 0.5646432018096821 0.5477688369904672
1.0 -0.5773502691896257 1.3333333333333333 0.5654114306167001 0.5485799723680657
1.0 -0.3849001794597505 1.1481481481481481 0.5646432018096822 0.5477688369904671
1.0 -0.19245008972987526 1.037037037037037 0.5350706377881495 0.505660051755466
1.0 0.0 1.0 0.3435919273456337 0.3261588388560667
1.0 0.19245008972987526 1.037037037037037 0.5350706377881496 0.5056600517554661
1.0 0.3849001794597505 1.1481481481481481 0.5646432018096822 0.5477688369904672
1.0 0.5773502691896257 1.3333333333333333 0.5654114306167001 0.5485799723680657
1.0 0.769800358919501 1.5925925925925926 0.5646432018096822 0.5477688369904672
1.0 0.9622504486493763 1.925925925925926 0.5350706377881496 0.5056600517554659
1.0 1.1547005383792515 2.333333333333333 0.3435919273456337 0.3261588388560667
