i j <Si^z Sj^z> <SpSm> <SmSp>
1 1 0.176922 0.422069 0.285619
1 2 -0.0278877 -0.0669681 -0.0669681
1 3 0.0047745 -0.00364946 -0.00364946
1 4 0.00821874 0.015925 0.015925
1 5 0.00467927 -0.00364137 -0.00364137
1 6 -0.0275961 -0.0664823 -0.0664823
1 7 -0.0330219 -0.0787225 -0.0787225
1 8 -0.0329771 -0.0787943 -0.0787943
1 9 0.00612342 0.0213641 0.0213641
1 10 -0.000172744 -0.0107981 -0.0107981
1 11 -8.07901e-05 -0.0107291 -0.0107291
1 12 0.00608494 0.0212207 0.0212207
1 13 0.00273665 -0.00141295 -0.00141295
1 14 0.00522846 0.00957254 0.00957254
1 15 0.00264617 -0.00162744 -0.00162744
1 16 0.000185866 -0.0118276 -0.0118276
1 17 0.0020756 0.0197398 0.0197398
1 18 0.000299642 -0.0116913 -0.0116913
1 19 -0.00395434 0.000665999 0.000665999
1 20 -0.0053542 -0.00547826 -0.00547826
1 21 -0.00535293 -0.00545229 -0.00545229
1 22 -0.00389875 0.000742289 0.000742289
1 23 -0.00975845 -0.0139371 -0.0139371
1 24 -0.00983547 -0.0139219 -0.0139219
1 25 -0.00256991 0.00158957 0.00158957
1 26 -0.002877 0.000892111 0.000892111
1 27 -0.0070941 -0.00505792 -0.00505792
1 28 -0.00284324 0.00082497 0.00082497
1 29 -0.00272558 0.00145552 0.00145552
1 30 -0.0071621 -0.00643124 -0.00643124
1 31 -0.00649787 -0.00574216 -0.00574216
1 32 -0.00700943 -0.00382495 -0.00382495
1 33 -0.00399066 -0.00221609 -0.00221609
1 34 -0.00407564 -0.00211455 -0.00211455
1 35 -0.00690394 -0.00374919 -0.00374919
1 36 -0.00633512 -0.00551947 -0.00551947
2 1 -0.0278877 -0.0669681 -0.0669681
2 2 0.176966 0.421777 0.286085
2 3 -0.0276574 -0.0667267 -0.0667267
2 4 0.00459161 -0.00367373 -0.00367373
2 5 0.00824871 0.0159698 0.0159698
2 6 0.00471031 -0.00361202 -0.00361202
2 7 0.00609065 0.0213219 0.0213219
2 8 -0.0329301 -0.0786549 -0.0786549
2 9 -0.0329488 -0.0785648 -0.0785648
2 10 0.00613681 0.0213524 0.0213524
2 11 -0.000133957 -0.0108054 -0.0108054
2 12 -0.00025117 -0.010875 -0.010875
2 13 0.000126034 -0.0120028 -0.0120028
2 14 0.00264722 -0.00156907 -0.00156907
2 15 0.0051743 0.00947219 0.00947219
2 16 0.00267351 -0.00149854 -0.00149854
2 17 0.000333874 -0.0116274 -0.0116274
2 18 0.0020672 0.0197428 0.0197428
2 19 -0.00998102 -0.0144164 -0.0144164
2 20 -0.00387931 0.000787564 0.000787564
2 21 -0.00529214 -0.0053627 -0.0053627
2 22 -0.00519358 -0.00516184 -0.00516184
2 23 -0.00384181 0.000742992 0.000742992
2 24 -0.00985252 -0.0140243 -0.0140243
2 25 -0.00735129 -0.00689915 -0.00689915
2 26 -0.00266479 0.00151552 0.00151552
2 27 -0.00275371 0.00094396 0.00094396
2 28 -0.00700384 -0.00493964 -0.00493964
2 29 -0.00293405 0.000734169 0.000734169
2 30 -0.00252542 0.00168355 0.00168355
2 31 -0.00648031 -0.00577918 -0.00577918
2 32 -0.00635062 -0.00554917 -0.00554917
2 33 -0.00704164 -0.00398146 -0.00398146
2 34 -0.00399779 -0.00197895 -0.00197895
2 35 -0.00390822 -0.00210615 -0.00210615
2 36 -0.0069047 -0.00374918 -0.00374918
3 1 0.0047745 -0.00364946 -0.00364946
3 2 -0.0276574 -0.0667267 -0.0667267
3 3 0.1771 0.424642 0.283757
3 4 -0.027471 -0.06647 -0.06647
3 5 0.00482914 -0.0036378 -0.0036378
3 6 0.00832141 0.0160303 0.0160303
3 7 -8.17918e-05 -0.0107025 -0.0107025
3 8 0.00617161 0.0215377 0.0215377
3 9 -0.0326877 -0.0783218 -0.0783218
3 10 -0.0327164 -0.0783334 -0.0783334
3 11 0.00618162 0.0215371 0.0215371
3 12 -5.6107e-06 -0.0105889 -0.0105889
3 13 0.00217496 0.0202194 0.0202194
3 14 0.000316348 -0.0118295 -0.0118295
3 15 0.00275629 -0.00144385 -0.00144385
3 16 0.00519036 0.00935714 0.00935714
3 17 0.00279214 -0.00140654 -0.00140654
3 18 0.000620361 -0.0111255 -0.0111255
3 19 -0.0102401 -0.0147311 -0.0147311
3 20 -0.0102715 -0.0146998 -0.0146998
3 21 -0.00386123 0.000973276 0.000973276
3 22 -0.00528957 -0.00512757 -0.00512757
3 23 -0.00528899 -0.00505127 -0.00505127
3 24 -0.00379472 0.00112233 0.00112233
3 25 -0.00270665 0.00163119 0.00163119
3 26 -0.00774198 -0.00716462 -0.00716462
3 27 -0.00266824 0.00165933 0.00165933
3 28 -0.00291314 0.000926851 0.000926851
3 29 -0.00710162 -0.00472015 -0.00472015
3 30 -0.0029604 0.000830614 0.000830614
3 31 -0.00716154 -0.00373865 -0.00373865
3 32 -0.00653828 -0.00558605 -0.00558605
3 33 -0.0065662 -0.00569304 -0.00569304
3 34 -0.00743085 -0.00412819 -0.00412819
3 35 -0.00399689 -0.00197909 -0.00197909
3 36 -0.00407668 -0.00211951 -0.00211951
4 1 0.00821874 0.015925 0.015925
4 2 0.00459161 -0.00367373 -0.00367373
4 3 -0.027471 -0.06647 -0.06647
4 4 0.177027 0.422341 0.285768
4 5 -0.0276988 -0.0666474 -0.0666474
4 6 0.00474467 -0.0035771 -0.0035771
4 7 -0.000215603 -0.0107842 -0.0107842
4 8 -9.23756e-05 -0.0107673 -0.0107673
4 9 0.00611857 0.0213247 0.0213247
4 10 -0.0328585 -0.0783838 -0.0783838
4 11 -0.0329055 -0.0787207 -0.0787207
4 12 0.00608331 0.0212279 0.0212279
4 13 0.000360917 -0.0116379 -0.0116379
4 14 0.00220003 0.0202593 0.0202593
4 15 0.000291244 -0.0116951 -0.0116951
4 16 0.0026825 -0.00150343 -0.00150343
4 17 0.00512055 0.00920205 0.00920205
4 18 0.0026755 -0.00145962 -0.00145962
4 19 -0.00380491 0.000890114 0.000890114
4 20 -0.0102926 -0.014969 -0.014969
4 21 -0.0101867 -0.0148181 -0.0148181
4 22 -0.00380075 0.00088983 0.00088983
4 23 -0.00516159 -0.00503416 -0.00503416
4 24 -0.00517468 -0.00501662 -0.00501662
4 25 -0.00275075 0.000948471 0.000948471
4 26 -0.00259811 0.00168386 0.00168386
4 27 -0.0075665 -0.00724199 -0.00724199
4 28 -0.00255637 0.00165493 0.00165493
4 29 -0.0028943 0.000851208 0.000851208
4 30 -0.00686689 -0.00470003 -0.00470003
4 31 -0.00408483 -0.00227103 -0.00227103
4 32 -0.00711138 -0.00402333 -0.00402333
4 33 -0.00641911 -0.00567614 -0.00567614
4 34 -0.00656948 -0.0057007 -0.0057007
4 35 -0.00704275 -0.00398097 -0.00398097
4 36 -0.00399144 -0.00221992 -0.00221992
5 1 0.00467927 -0.00364137 -0.00364137
5 2 0.00824871 0.0159698 0.0159698
5 3 0.00482914 -0.0036378 -0.0036378
5 4 -0.0276988 -0.0666474 -0.0666474
5 5 0.177047 0.423015 0.285173
5 6 -0.0275316 -0.0665171 -0.0665171
5 7 0.00609545 0.0213258 0.0213258
5 8 -8.81181e-05 -0.0107874 -0.0107874
5 9 -0.000156505 -0.0107475 -0.0107475
5 10 0.00615966 0.0214227 0.0214227
5 11 -0.0328223 -0.0786039 -0.0786039
5 12 -0.0327049 -0.0781021 -0.0781021
5 13 0.00273379 -0.00145828 -0.00145828
5 14 0.000212563 -0.0118925 -0.0118925
5 15 0.00217176 0.0202424 0.0202424
5 16 0.000410041 -0.0114746 -0.0114746
5 17 0.00274249 -0.00144001 -0.00144001
5 18 0.0051545 0.00936087 0.00936087
5 19 -0.00527239 -0.00524002 -0.00524002
5 20 -0.00396579 0.000722002 0.000722002
5 21 -0.0101658 -0.0146813 -0.0146813
5 22 -0.0101498 -0.0146182 -0.0146182
5 23 -0.00386138 0.000827479 0.000827479
5 24 -0.00525387 -0.00508729 -0.00508729
5 25 -0.00699248 -0.00486244 -0.00486244
5 26 -0.00285709 0.000956055 0.000956055
5 27 -0.0025862 0.00162512 0.00162512
5 28 -0.00752041 -0.00709756 -0.00709756
5 29 -0.00268382 0.00160457 0.00160457
5 30 -0.00284643 0.000847553 0.000847553
5 31 -0.00419255 -0.00248799 -0.00248799
5 32 -0.00411874 -0.00235259 -0.00235259
5 33 -0.00711289 -0.00402869 -0.00402869
5 34 -0.00653992 -0.00558871 -0.00558871
5 35 -0.0063501 -0.00554954 -0.00554954
5 36 -0.00701257 -0.00382961 -0.00382961
6 1 -0.0275961 -0.0664823 -0.0664823
6 2 0.00471031 -0.00361202 -0.00361202
6 3 0.00832141 0.0160303 0.0160303
6 4 0.00474467 -0.0035771 -0.0035771
6 5 -0.0275316 -0.0665171 -0.0665171
6 6 0.176958 0.423127 0.284705
6 7 -0.0329729 -0.0787159 -0.0787159
6 8 0.00612349 0.021375 0.021375
6 9 -0.000161891 -0.0107984 -0.0107984
6 10 -0.000107251 -0.0107256 -0.0107256
6 11 0.00611356 0.0213593 0.0213593
6 12 -0.0328922 -0.0785208 -0.0785208
6 13 0.00528566 0.0096556 0.0096556
6 14 0.00273413 -0.00140283 -0.00140283
6 15 0.00020611 -0.0119426 -0.0119426
6 16 0.00220749 0.0199685 0.0199685
6 17 0.000483295 -0.0113484 -0.0113484
6 18 0.00265344 -0.00154929 -0.00154929
6 19 -0.00541431 -0.00551757 -0.00551757
6 20 -0.00548057 -0.00566678 -0.00566678
6 21 -0.00385295 0.000904385 0.000904385
6 22 -0.0100493 -0.0143378 -0.0143378
6 23 -0.00992848 -0.0141506 -0.0141506
6 24 -0.00380104 0.00101144 0.00101144
6 25 -0.00289146 0.000834919 0.000834919
6 26 -0.00703787 -0.00464463 -0.00464463
6 27 -0.00284649 0.000881515 0.000881515
6 28 -0.00269022 0.00148132 0.00148132
6 29 -0.00728 -0.00640598 -0.00640598
6 30 -0.00268629 0.00145259 0.00145259
6 31 -0.00690281 -0.00340397 -0.00340397
6 32 -0.0041928 -0.0024889 -0.0024889
6 33 -0.00408436 -0.00226769 -0.00226769
6 34 -0.00716193 -0.00374194 -0.00374194
6 35 -0.00648088 -0.00578224 -0.00578224
6 36 -0.0064976 -0.00574396 -0.00574396
7 1 -0.0330219 -0.0787225 -0.0787225
7 2 0.00609065 0.0213219 0.0213219
7 3 -8.17918e-05 -0.0107025 -0.0107025
7 4 -0.000215603 -0.0107842 -0.0107842
7 5 0.00609545 0.0213258 0.0213258
7 6 -0.0329729 -0.0787159 -0.0787159
7 7 0.160111 0.382996 0.257448
7 8 -0.0127528 -0.0305445 -0.0305445
7 9 0.00511919 -0.00181622 -0.00181622
7 10 0.0012872 0.0170659 0.0170659
7 11 0.00518234 -0.00178784 -0.00178784
7 12 -0.0128491 -0.0306606 -0.0306606
7 13 -0.0157847 -0.0391027 -0.0391027
7 14 -0.0156651 -0.0389234 -0.0389234
7 15 0.00317724 0.00986846 0.00986846
7 16 0.00322551 -0.00201507 -0.00201507
7 17 0.00325755 -0.0020875 -0.0020875
7 18 0.00311788 0.00970925 0.00970925
7 19 -0.00186363 -0.000229141 -0.000229141
7 20 -0.00384421 0.000393852 0.000393852
7 21 -0.00191173 -0.00020231 -0.00020231
7 22 -0.00520891 -0.00355916 -0.00355916
7 23 -0.00150899 0.00265405 0.00265405
7 24 -0.00524833 -0.0035096 -0.0035096
7 25 -0.00807613 -0.00952228 -0.00952228
7 26 -0.00352734 0.000348063 0.000348063
7 27 -0.0033958 0.000484485 0.000484485
7 28 -0.00804381 -0.00945776 -0.00945776
7 29 -0.0028588 0.0013293 0.0013293
7 30 -0.00276407 0.00137475 0.00137475
7 31 -0.00269183 0.00144828 0.00144828
7 32 -0.00285146 0.000847261 0.000847261
7 33 -0.00687136 -0.00470184 -0.00470184
7 34 -0.00296445 0.000826706 0.000826706
7 35 -0.00252744 0.00168918 0.00168918
7 36 -0.0071618 -0.00641866 -0.00641866
8 1 -0.0329771 -0.0787943 -0.0787943
8 2 -0.0329301 -0.0786549 -0.0786549
8 3 0.00617161 0.0215377 0.0215377
8 4 -9.23756e-05 -0.0107673 -0.0107673
8 5 -8.81181e-05 -0.0107874 -0.0107874
8 6 0.00612349 0.021375 0.021375
8 7 -0.0127528 -0.0305445 -0.0305445
8 8 0.160201 0.384424 0.256381
8 9 -0.0128303 -0.0307545 -0.0307545
8 10 0.00518541 -0.00176598 -0.00176598
8 11 0.00129812 0.0172233 0.0172233
8 12 0.00518543 -0.00178152 -0.00178152
8 13 0.00321227 0.00991747 0.00991747
8 14 -0.0155214 -0.0386673 -0.0386673
8 15 -0.015458 -0.0384846 -0.0384846
8 16 0.00318167 0.00984616 0.00984616
8 17 0.00330588 -0.00202594 -0.00202594
8 18 0.00326346 -0.00200752 -0.00200752
8 19 -0.00533451 -0.00373044 -0.00373044
8 20 -0.00199099 -0.000293271 -0.000293271
8 21 -0.0038395 0.00042708 0.00042708
8 22 -0.0020045 -0.000307692 -0.000307692
8 23 -0.00534539 -0.00359108 -0.00359108
8 24 -0.00146599 0.00289618 0.00289618
8 25 -0.0028388 0.00141529 0.00141529
8 26 -0.00821482 -0.00952725 -0.00952725
8 27 -0.00347375 0.000486553 0.000486553
8 28 -0.00346396 0.000507945 0.000507945
8 29 -0.00800797 -0.0091139 -0.0091139
8 30 -0.00285866 0.00133103 0.00133103
8 31 -0.00728003 -0.00639668 -0.00639668
8 32 -0.00268917 0.00160048 0.00160048
8 33 -0.00289742 0.000850624 0.000850624
8 34 -0.00710721 -0.00472651 -0.00472651
8 35 -0.00293683 0.000733142 0.000733142
8 36 -0.00272867 0.00145637 0.00145637
9 1 0.00612342 0.0213641 0.0213641
9 2 -0.0329488 -0.0785648 -0.0785648
9 3 -0.0326877 -0.0783218 -0.0783218
9 4 0.00611857 0.0213247 0.0213247
9 5 -0.000156505 -0.0107475 -0.0107475
9 6 -0.000161891 -0.0107984 -0.0107984
9 7 0.00511919 -0.00181622 -0.00181622
9 8 -0.0128303 -0.0307545 -0.0307545
9 9 0.160205 0.383519 0.257301
9 10 -0.0128874 -0.0307683 -0.0307683
9 11 0.00520259 -0.00176936 -0.00176936
9 12 0.00128428 0.0170559 0.0170559
9 13 0.00326077 -0.00203897 -0.00203897
9 14 0.00317116 0.00989527 0.00989527
9 15 -0.0155658 -0.0387282 -0.0387282
9 16 -0.015411 -0.0382947 -0.0382947
9 17 0.00313374 0.00982961 0.00982961
9 18 0.00323149 -0.00212462 -0.00212462
9 19 -0.00134685 0.00291931 0.00291931
9 20 -0.00539749 -0.00385196 -0.00385196
9 21 -0.00195824 -0.000315149 -0.000315149
9 22 -0.00390377 0.000252923 0.000252923
9 23 -0.0019975 -0.000437607 -0.000437607
9 24 -0.00533848 -0.00358794 -0.00358794
9 25 -0.00273054 0.00148659 0.00148659
9 26 -0.00277615 0.00157644 0.00157644
9 27 -0.00827121 -0.00998042 -0.00998042
9 28 -0.00341173 0.000467966 0.000467966
9 29 -0.00346443 0.000507626 0.000507626
9 30 -0.0080468 -0.00946497 -0.00946497
9 31 -0.00269563 0.00148099 0.00148099
9 32 -0.00752283 -0.00709023 -0.00709023
9 33 -0.00256347 0.00165243 0.00165243
9 34 -0.00291706 0.000926992 0.000926992
9 35 -0.00701204 -0.00494611 -0.00494611
9 36 -0.00284675 0.000827681 0.000827681
10 1 -0.000172744 -0.0107981 -0.0107981
10 2 0.00613681 0.0213524 0.0213524
10 3 -0.0327164 -0.0783334 -0.0783334
10 4 -0.0328585 -0.0783838 -0.0783838
10 5 0.00615966 0.0214227 0.0214227
10 6 -0.000107251 -0.0107256 -0.0107256
10 7 0.0012872 0.0170659 0.0170659
10 8 0.00518541 -0.00176598 -0.00176598
10 9 -0.0128874 -0.0307683 -0.0307683
10 10 0.160256 0.383682 0.257341
10 11 -0.0128983 -0.0308878 -0.0308878
10 12 0.00510033 -0.00179982 -0.00179982
10 13 0.00324658 -0.0020978 -0.0020978
10 14 0.0032249 -0.00212087 -0.00212087
10 15 0.00313597 0.00989462 0.00989462
10 16 -0.0153543 -0.0382245 -0.0382245
10 17 -0.0153106 -0.0381912 -0.0381912
10 18 0.00310224 0.00977765 0.00977765
10 19 -0.0054421 -0.0039415 -0.0039415
10 20 -0.00133998 0.00302528 0.00302528
10 21 -0.00535388 -0.0037371 -0.0037371
10 22 -0.00200476 -0.000433489 -0.000433489
10 23 -0.00388719 0.000255664 0.000255664
10 24 -0.00204783 -0.000426527 -0.000426527
10 25 -0.00831431 -0.010067 -0.010067
10 26 -0.00275554 0.00160892 0.00160892
10 27 -0.00268826 0.00158428 0.00158428
10 28 -0.00827409 -0.00998657 -0.00998657
10 29 -0.00347368 0.000488095 0.000488095
10 30 -0.00339615 0.00048294 0.00048294
10 31 -0.00285048 0.000883243 0.000883243
10 32 -0.00259269 0.00162345 0.00162345
10 33 -0.00757239 -0.00724749 -0.00724749
10 34 -0.00267387 0.00165859 0.00165859
10 35 -0.00275772 0.000942816 0.000942816
10 36 -0.0071046 -0.00506641 -0.00506641
11 1 -8.07901e-05 -0.0107291 -0.0107291
11 2 -0.000133957 -0.0108054 -0.0108054
11 3 0.00618162 0.0215371 0.0215371
11 4 -0.0329055 -0.0787207 -0.0787207
11 5 -0.0328223 -0.0786039 -0.0786039
11 6 0.00611356 0.0213593 0.0213593
11 7 0.00518234 -0.00178784 -0.00178784
11 8 0.00129812 0.0172233 0.0172233
11 9 0.00520259 -0.00176936 -0.00176936
11 10 -0.0128983 -0.0308878 -0.0308878
11 11 0.16036 0.38511 0.25633
11 12 -0.0127075 -0.0304909 -0.0304909
11 13 0.0031327 0.00986856 0.00986856
11 14 0.00326704 -0.00212377 -0.00212377
11 15 0.00327931 -0.00210668 -0.00210668
11 16 0.00313923 0.00988586 0.00988586
11 17 -0.01521 -0.038006 -0.038006
11 18 -0.0150739 -0.0377221 -0.0377221
11 19 -0.00198792 -0.000357947 -0.000357947
11 20 -0.00546784 -0.00382824 -0.00382824
11 21 -0.0013462 0.00315047 0.00315047
11 22 -0.00543258 -0.00375213 -0.00375213
11 23 -0.0020841 -0.000458992 -0.000458992
11 24 -0.00386936 0.000561515 0.000561515
11 25 -0.00356533 0.000338023 0.000338023
11 26 -0.0084875 -0.010102 -0.010102
11 27 -0.00275522 0.0016067 0.0016067
11 28 -0.00277483 0.00157982 0.00157982
11 29 -0.00821748 -0.00953458 -0.00953458
11 30 -0.0035264 0.000353843 0.000353843
11 31 -0.00704601 -0.00464833 -0.00464833
11 32 -0.00286029 0.000956724 0.000956724
11 33 -0.00260265 0.00168767 0.00168767
11 34 -0.00774886 -0.00717036 -0.00717036
11 35 -0.00267092 0.00151326 0.00151326
11 36 -0.0028807 0.000891829 0.000891829
12 1 0.00608494 0.0212207 0.0212207
12 2 -0.00025117 -0.010875 -0.010875
12 3 -5.6107e-06 -0.0105889 -0.0105889
12 4 0.00608331 0.0212279 0.0212279
12 5 -0.0327049 -0.0781021 -0.0781021
12 6 -0.0328922 -0.0785208 -0.0785208
12 7 -0.0128491 -0.0306606 -0.0306606
12 8 0.00518543 -0.00178152 -0.00178152
12 9 0.00128428 0.0170559 0.0170559
12 10 0.00510033 -0.00179982 -0.00179982
12 11 -0.0127075 -0.0304909 -0.0304909
12 12 0.160152 0.383271 0.257338
12 13 -0.0158721 -0.0393648 -0.0393648
12 14 0.00317725 0.00989372 0.00989372
12 15 0.00322505 -0.00207384 -0.00207384
12 16 0.00322255 -0.00208841 -0.00208841
12 17 0.0031232 0.00977292 0.00977292
12 18 -0.0153546 -0.0382423 -0.0382423
12 19 -0.00383842 0.000328742 0.000328742
12 20 -0.00192013 -0.000252161 -0.000252161
12 21 -0.00530185 -0.00376219 -0.00376219
12 22 -0.00140466 0.00284555 0.00284555
12 23 -0.00530428 -0.00363803 -0.00363803
12 24 -0.00198737 -0.000335317 -0.000335317
12 25 -0.00343509 0.00039857 0.00039857
12 26 -0.00356608 0.000332418 0.000332418
12 27 -0.00831211 -0.0100667 -0.0100667
12 28 -0.00272953 0.00148456 0.00148456
12 29 -0.00283753 0.00141465 0.00141465
12 30 -0.00807815 -0.00953325 -0.00953325
12 31 -0.00289596 0.000832655 0.000832655
12 32 -0.006996 -0.00486444 -0.00486444
12 33 -0.00275298 0.000948375 0.000948375
12 34 -0.00271104 0.00162633 0.00162633
12 35 -0.00735618 -0.00690334 -0.00690334
12 36 -0.00257412 0.00158976 0.00158976
13 1 0.00273665 -0.00141295 -0.00141295
13 2 0.000126034 -0.0120028 -0.0120028
13 3 0.00217496 0.0202194 0.0202194
13 4 0.000360917 -0.0116379 -0.0116379
13 5 0.00273379 -0.00145828 -0.00145828
13 6 0.00528566 0.0096556 0.0096556
13 7 -0.0157847 -0.0391027 -0.0391027
13 8 0.00321227 0.00991747 0.00991747
13 9 0.00326077 -0.00203897 -0.00203897
13 10 0.00324658 -0.0020978 -0.0020978
13 11 0.0031327 0.00986856 0.00986856
13 12 -0.0158721 -0.0393648 -0.0393648
13 13 0.162665 0.379532 0.271129
13 14 -0.0207143 -0.0483312 -0.0483312
13 15 0.00315862 0.00313363 0.00313363
13 16 0.00536176 0.00583564 0.00583564
13 17 0.00315736 0.00317783 0.00317783
13 18 -0.0204498 -0.0477679 -0.0477679
13 19 -0.0283535 -0.0526143 -0.0526143
13 20 -0.0282065 -0.0522701 -0.0522701
13 21 0.000462035 0.0069047 0.0069047
13 22 -0.00715122 -0.00991664 -0.00991664
13 23 -0.00716291 -0.00997482 -0.00997482
13 24 0.000409876 0.00688624 0.00688624
13 25 -0.00198872 -0.000327914 -0.000327914
13 26 -0.00386513 0.000582399 0.000582399
13 27 -0.00205616 -0.000439414 -0.000439414
13 28 -0.00535 -0.00359936 -0.00359936
13 29 -0.00146309 0.00290545 0.00290545
13 30 -0.00525711 -0.00351167 -0.00351167
13 31 -0.00380236 0.00102889 0.00102889
13 32 -0.00527236 -0.00510995 -0.00510995
13 33 -0.00518917 -0.00502864 -0.00502864
13 34 -0.00379875 0.00113843 0.00113843
13 35 -0.00987914 -0.0140647 -0.0140647
13 36 -0.00986809 -0.0139703 -0.0139703
14 1 0.00522846 0.00957254 0.00957254
14 2 0.00264722 -0.00156907 -0.00156907
14 3 0.000316348 -0.0118295 -0.0118295
14 4 0.00220003 0.0202593 0.0202593
14 5 0.000212563 -0.0118925 -0.0118925
14 6 0.00273413 -0.00140283 -0.00140283
14 7 -0.0156651 -0.0389234 -0.0389234
14 8 -0.0155214 -0.0386673 -0.0386673
14 9 0.00317116 0.00989527 0.00989527
14 10 0.0032249 -0.00212087 -0.00212087
14 11 0.00326704 -0.00212377 -0.00212377
14 12 0.00317725 0.00989372 0.00989372
14 13 -0.0207143 -0.0483312 -0.0483312
14 14 0.162708 0.379432 0.271399
14 15 -0.0205794 -0.0480499 -0.0480499
14 16 0.00316132 0.00319212 0.00319212
14 17 0.00536346 0.00587511 0.00587511
14 18 0.00318321 0.00321259 0.00321259
14 19 0.000474266 0.00682193 0.00682193
14 20 -0.0285133 -0.0529352 -0.0529352
14 21 -0.0282144 -0.0523337 -0.0523337
14 22 0.000449556 0.0068706 0.0068706
14 23 -0.00707314 -0.00985058 -0.00985058
14 24 -0.0071632 -0.00997493 -0.00997493
14 25 -0.00531138 -0.00363945 -0.00363945
14 26 -0.00208779 -0.000460651 -0.000460651
14 27 -0.00388433 0.000271486 0.000271486
14 28 -0.00200347 -0.000445787 -0.000445787
14 29 -0.00535646 -0.00360169 -0.00360169
14 30 -0.00150609 0.0026578 0.0026578
14 31 -0.00995819 -0.014192 -0.014192
14 32 -0.00386026 0.00084195 0.00084195
14 33 -0.0051778 -0.00505018 -0.00505018
14 34 -0.00530069 -0.00506456 -0.00506456
14 35 -0.00384349 0.000761085 0.000761085
14 36 -0.00978442 -0.0139733 -0.0139733
15 1 0.00264617 -0.00162744 -0.00162744
15 2 0.0051743 0.00947219 0.00947219
15 3 0.00275629 -0.00144385 -0.00144385
15 4 0.000291244 -0.0116951 -0.0116951
15 5 0.00217176 0.0202424 0.0202424
15 6 0.00020611 -0.0119426 -0.0119426
15 7 0.00317724 0.00986846 0.00986846
15 8 -0.015458 -0.0384846 -0.0384846
15 9 -0.0155658 -0.0387282 -0.0387282
15 10 0.00313597 0.00989462 0.00989462
15 11 0.00327931 -0.00210668 -0.00210668
15 12 0.00322505 -0.00207384 -0.00207384
15 13 0.00315862 0.00313363 0.00313363
15 14 -0.0205794 -0.0480499 -0.0480499
15 15 0.162773 0.37965 0.271443
15 16 -0.0206545 -0.0481544 -0.0481544
15 17 0.0031975 0.00320331 0.00320331
15 18 0.00533874 0.00586293 0.00586293
15 19 -0.00711888 -0.00991355 -0.00991355
15 20 0.000500718 0.00695593 0.00695593
15 21 -0.0282784 -0.0524813 -0.0524813
15 22 -0.0282386 -0.0523475 -0.0523475
15 23 0.000449338 0.00687344 0.00687344
15 24 -0.00715105 -0.00991985 -0.00991985
15 25 -0.00139888 0.00285815 0.00285815
15 26 -0.00543922 -0.00376217 -0.00376217
15 27 -0.00200839 -0.000434376 -0.000434376
15 28 -0.00390607 0.000259707 0.000259707
15 29 -0.00200897 -0.000312938 -0.000312938
15 30 -0.0052251 -0.00357541 -0.00357541
15 31 -0.0100696 -0.0143652 -0.0143652
15 32 -0.01017 -0.0146456 -0.0146456
15 33 -0.00380465 0.000900409 0.000900409
15 34 -0.00530235 -0.00514014 -0.00514014
15 35 -0.0052036 -0.00517108 -0.00517108
15 36 -0.0039002 0.000759855 0.000759855
16 1 0.000185866 -0.0118276 -0.0118276
16 2 0.00267351 -0.00149854 -0.00149854
16 3 0.00519036 0.00935714 0.00935714
16 4 0.0026825 -0.00150343 -0.00150343
16 5 0.000410041 -0.0114746 -0.0114746
16 6 0.00220749 0.0199685 0.0199685
16 7 0.00322551 -0.00201507 -0.00201507
16 8 0.00318167 0.00984616 0.00984616
16 9 -0.015411 -0.0382947 -0.0382947
16 10 -0.0153543 -0.0382245 -0.0382245
16 11 0.00313923 0.00988586 0.00988586
16 12 0.00322255 -0.00208841 -0.00208841
16 13 0.00536176 0.00583564 0.00583564
16 14 0.00316132 0.00319212 0.00319212
16 15 -0.0206545 -0.0481544 -0.0481544
16 16 0.162765 0.379495 0.271564
16 17 -0.0206144 -0.0480824 -0.0480824
16 18 0.00315654 0.00320819 0.00320819
16 19 -0.00726045 -0.0102246 -0.0102246
16 20 -0.00726901 -0.0101775 -0.0101775
16 21 0.000530337 0.00694442 0.00694442
16 22 -0.0282807 -0.0524881 -0.0524881
16 23 -0.0282115 -0.0523328 -0.0523328
16 24 0.000462805 0.00690607 0.00690607
16 25 -0.00531556 -0.00377663 -0.00377663
16 26 -0.00133914 0.00316254 0.00316254
16 27 -0.00536087 -0.00375134 -0.00375134
16 28 -0.0019595 -0.000316396 -0.000316396
16 29 -0.0038415 0.000432289 0.000432289
16 30 -0.00191341 -0.000204152 -0.000204152
16 31 -0.00385213 0.00092206 0.00092206
16 32 -0.0101846 -0.014712 -0.014712
16 33 -0.010205 -0.0148445 -0.0148445
16 34 -0.00386191 0.000986878 0.000986878
16 35 -0.00530319 -0.00537634 -0.00537634
16 36 -0.00536346 -0.00546447 -0.00546447
17 1 0.0020756 0.0197398 0.0197398
17 2 0.000333874 -0.0116274 -0.0116274
17 3 0.00279214 -0.00140654 -0.00140654
17 4 0.00512055 0.00920205 0.00920205
17 5 0.00274249 -0.00144001 -0.00144001
17 6 0.000483295 -0.0113484 -0.0113484
17 7 0.00325755 -0.0020875 -0.0020875
17 8 0.00330588 -0.00202594 -0.00202594
17 9 0.00313374 0.00982961 0.00982961
17 10 -0.0153106 -0.0381912 -0.0381912
17 11 -0.01521 -0.038006 -0.038006
17 12 0.0031232 0.00977292 0.00977292
17 13 0.00315736 0.00317783 0.00317783
17 14 0.00536346 0.00587511 0.00587511
17 15 0.0031975 0.00320331 0.00320331
17 16 -0.0206144 -0.0480824 -0.0480824
17 17 0.162808 0.379986 0.271248
17 18 -0.0203247 -0.0475389 -0.0475389
17 19 0.00053164 0.00692137 0.00692137
17 20 -0.0072112 -0.0100622 -0.0100622
17 21 -0.00726814 -0.0101765 -0.0101765
17 22 0.00050049 0.00695636 0.00695636
17 23 -0.0285147 -0.0529402 -0.0529402
17 24 -0.028191 -0.0522418 -0.0522418
17 25 -0.00192149 -0.000253697 -0.000253697
17 26 -0.00547498 -0.00383469 -0.00383469
17 27 -0.0013352 0.00303777 0.00303777
17 28 -0.00540586 -0.00386601 -0.00386601
17 29 -0.00199069 -0.000291382 -0.000291382
17 30 -0.00384879 0.000392145 0.000392145
17 31 -0.00549045 -0.00567429 -0.00567429
17 32 -0.00396217 0.000740728 0.000740728
17 33 -0.0103125 -0.0149988 -0.0149988
17 34 -0.0102899 -0.0147285 -0.0147285
17 35 -0.00388454 0.000794792 0.000794792
17 36 -0.00536595 -0.00549363 -0.00549363
18 1 0.000299642 -0.0116913 -0.0116913
18 2 0.0020672 0.0197428 0.0197428
18 3 0.000620361 -0.0111255 -0.0111255
18 4 0.0026755 -0.00145962 -0.00145962
18 5 0.0051545 0.00936087 0.00936087
18 6 0.00265344 -0.00154929 -0.00154929
18 7 0.00311788 0.00970925 0.00970925
18 8 0.00326346 -0.00200752 -0.00200752
18 9 0.00323149 -0.00212462 -0.00212462
18 10 0.00310224 0.00977765 0.00977765
18 11 -0.0150739 -0.0377221 -0.0377221
18 12 -0.0153546 -0.0382423 -0.0382423
18 13 -0.0204498 -0.0477679 -0.0477679
18 14 0.00318321 0.00321259 0.00321259
18 15 0.00533874 0.00586293 0.00586293
18 16 0.00315654 0.00320819 0.00320819
18 17 -0.0203247 -0.0475389 -0.0475389
18 18 0.162722 0.379325 0.271563
18 19 -0.0291292 -0.0543772 -0.0543772
18 20 0.000534843 0.00692898 0.00692898
18 21 -0.00725681 -0.0102178 -0.0102178
18 22 -0.00711612 -0.00991131 -0.00991131
18 23 0.000472546 0.00682156 0.00682156
18 24 -0.0283324 -0.0525754 -0.0525754
18 25 -0.00383402 0.000341076 0.000341076
18 26 -0.00199229 -0.000371579 -0.000371579
18 27 -0.00544406 -0.00394099 -0.00394099
18 28 -0.00134075 0.00292997 0.00292997
18 29 -0.0053414 -0.00374068 -0.00374068
18 30 -0.00186384 -0.000232835 -0.000232835
18 31 -0.00542739 -0.0055404 -0.0055404
18 32 -0.0052869 -0.00525978 -0.00525978
18 33 -0.0038051 0.000904186 0.000904186
18 34 -0.0102641 -0.0147749 -0.0147749
18 35 -0.00999823 -0.0144464 -0.0144464
18 36 -0.00395818 0.000672559 0.000672559
19 1 -0.00395434 0.000665999 0.000665999
19 2 -0.00998102 -0.0144164 -0.0144164
19 3 -0.0102401 -0.0147311 -0.0147311
19 4 -0.00380491 0.000890114 0.000890114
19 5 -0.00527239 -0.00524002 -0.00524002
19 6 -0.00541431 -0.00551757 -0.00551757
19 7 -0.00186363 -0.000229141 -0.000229141
19 8 -0.00533451 -0.00373044 -0.00373044
19 9 -0.00134685 0.00291931 0.00291931
19 10 -0.0054421 -0.0039415 -0.0039415
19 11 -0.00198792 -0.000357947 -0.000357947
19 12 -0.00383842 0.000328742 0.000328742
19 13 -0.0283535 -0.0526143 -0.0526143
19 14 0.000474266 0.00682193 0.00682193
19 15 -0.00711888 -0.00991355 -0.00991355
19 16 -0.00726045 -0.0102246 -0.0102246
19 17 0.00053164 0.00692137 0.00692137
19 18 -0.0291292 -0.0543772 -0.0543772
19 19 0.162767 0.271682 0.379386
19 20 -0.0203333 -0.0475504 -0.0475504
19 21 0.00315061 0.0032016 0.0032016
19 22 0.00533101 0.00585114 0.00585114
19 23 0.00317719 0.00320719 0.00320719
19 24 -0.0204637 -0.0477778 -0.0477778
19 25 -0.0153956 -0.0383245 -0.0383245
19 26 -0.0150957 -0.0377535 -0.0377535
19 27 0.00310193 0.00977555 0.00977555
19 28 0.00322765 -0.00212598 -0.00212598
19 29 0.0032621 -0.00200741 -0.00200741
19 30 0.00311845 0.00971252 0.00971252
19 31 0.00265355 -0.00154994 -0.00154994
19 32 0.00517066 0.00939799 0.00939799
19 33 0.00267898 -0.00146211 -0.00146211
19 34 0.000620081 -0.0111334 -0.0111334
19 35 0.00206754 0.0197682 0.0197682
19 36 0.000298156 -0.0117065 -0.0117065
20 1 -0.0053542 -0.00547826 -0.00547826
20 2 -0.00387931 0.000787564 0.000787564
20 3 -0.0102715 -0.0146998 -0.0146998
20 4 -0.0102926 -0.014969 -0.014969
20 5 -0.00396579 0.000722002 0.000722002
20 6 -0.00548057 -0.00566678 -0.00566678
20 7 -0.00384421 0.000393852 0.000393852
20 8 -0.00199099 -0.000293271 -0.000293271
20 9 -0.00539749 -0.00385196 -0.00385196
20 10 -0.00133998 0.00302528 0.00302528
20 11 -0.00546784 -0.00382824 -0.00382824
20 12 -0.00192013 -0.000252161 -0.000252161
20 13 -0.0282065 -0.0522701 -0.0522701
20 14 -0.0285133 -0.0529352 -0.0529352
20 15 0.000500718 0.00695593 0.00695593
20 16 -0.00726901 -0.0101775 -0.0101775
20 17 -0.0072112 -0.0100622 -0.0100622
20 18 0.000534843 0.00692898 0.00692898
20 19 -0.0203333 -0.0475504 -0.0475504
20 20 0.162825 0.271323 0.379976
20 21 -0.0206242 -0.0480946 -0.0480946
20 22 0.00319013 0.00319847 0.00319847
20 23 0.00535371 0.00586442 0.00586442
20 24 0.00314829 0.0031674 0.0031674
20 25 0.00312997 0.00977868 0.00977868
20 26 -0.0152256 -0.0380258 -0.0380258
20 27 -0.0153277 -0.0382157 -0.0382157
20 28 0.00313626 0.00983444 0.00983444
20 29 0.00330277 -0.00202718 -0.00202718
20 30 0.00325513 -0.00208742 -0.00208742
20 31 0.000475463 -0.0113707 -0.0113707
20 32 0.00273745 -0.00145427 -0.00145427
20 33 0.00512887 0.00922247 0.00922247
20 34 0.00279277 -0.00140882 -0.00140882
20 35 0.000328289 -0.0116476 -0.0116476
20 36 0.00207613 0.0197715 0.0197715
21 1 -0.00535293 -0.00545229 -0.00545229
21 2 -0.00529214 -0.0053627 -0.0053627
21 3 -0.00386123 0.000973276 0.000973276
21 4 -0.0101867 -0.0148181 -0.0148181
21 5 -0.0101658 -0.0146813 -0.0146813
21 6 -0.00385295 0.000904385 0.000904385
21 7 -0.00191173 -0.00020231 -0.00020231
21 8 -0.0038395 0.00042708 0.00042708
21 9 -0.00195824 -0.000315149 -0.000315149
21 10 -0.00535388 -0.0037371 -0.0037371
21 11 -0.0013462 0.00315047 0.00315047
21 12 -0.00530185 -0.00376219 -0.00376219
21 13 0.000462035 0.0069047 0.0069047
21 14 -0.0282144 -0.0523337 -0.0523337
21 15 -0.0282784 -0.0524813 -0.0524813
21 16 0.000530337 0.00694442 0.00694442
21 17 -0.00726814 -0.0101765 -0.0101765
21 18 -0.00725681 -0.0102178 -0.0102178
21 19 0.00315061 0.0032016 0.0032016
21 20 -0.0206242 -0.0480946 -0.0480946
21 21 0.162775 0.271635 0.379466
21 22 -0.0206604 -0.0481537 -0.0481537
21 23 0.00315377 0.00318415 0.00318415
21 24 0.00535061 0.00582356 0.00582356
21 25 0.00321857 -0.00209019 -0.00209019
21 26 0.00314211 0.00988642 0.00988642
21 27 -0.0153737 -0.0382506 -0.0382506
21 28 -0.0154297 -0.0383222 -0.0383222
21 29 0.00318275 0.0098491 0.0098491
21 30 0.0032219 -0.00201447 -0.00201447
21 31 0.00220674 0.0199891 0.0199891
21 32 0.000402856 -0.0114939 -0.0114939
21 33 0.00268102 -0.0015085 -0.0015085
21 34 0.00519634 0.00937569 0.00937569
21 35 0.00267068 -0.00150391 -0.00150391
21 36 0.00018328 -0.0118405 -0.0118405
22 1 -0.00389875 0.000742289 0.000742289
22 2 -0.00519358 -0.00516184 -0.00516184
22 3 -0.00528957 -0.00512757 -0.00512757
22 4 -0.00380075 0.00088983 0.00088983
22 5 -0.0101498 -0.0146182 -0.0146182
22 6 -0.0100493 -0.0143378 -0.0143378
22 7 -0.00520891 -0.00355916 -0.00355916
22 8 -0.0020045 -0.000307692 -0.000307692
22 9 -0.00390377 0.000252923 0.000252923
22 10 -0.00200476 -0.000433489 -0.000433489
22 11 -0.00543258 -0.00375213 -0.00375213
22 12 -0.00140466 0.00284555 0.00284555
22 13 -0.00715122 -0.00991664 -0.00991664
22 14 0.000449556 0.0068706 0.0068706
22 15 -0.0282386 -0.0523475 -0.0523475
22 16 -0.0282807 -0.0524881 -0.0524881
22 17 0.00050049 0.00695636 0.00695636
22 18 -0.00711612 -0.00991131 -0.00991131
22 19 0.00533101 0.00585114 0.00585114
22 20 0.00319013 0.00319847 0.00319847
22 21 -0.0206604 -0.0481537 -0.0481537
22 22 0.162781 0.271537 0.379589
22 23 -0.0205842 -0.0480456 -0.0480456
22 24 0.00314965 0.00312764 0.00312764
22 25 0.00322009 -0.00207505 -0.00207505
22 26 0.0032716 -0.00210547 -0.00210547
22 27 0.00313672 0.00989127 0.00989127
22 28 -0.0155898 -0.0387574 -0.0387574
22 29 -0.015479 -0.0385125 -0.0385125
22 30 0.00317605 0.00986813 0.00986813
22 31 0.000204279 -0.0119458 -0.0119458
22 32 0.00217058 0.0202484 0.0202484
22 33 0.000285484 -0.0117073 -0.0117073
22 34 0.00275438 -0.0014477 -0.0014477
22 35 0.00517756 0.00948595 0.00948595
22 36 0.00264211 -0.0016313 -0.0016313
23 1 -0.00975845 -0.0139371 -0.0139371
23 2 -0.00384181 0.000742992 0.000742992
23 3 -0.00528899 -0.00505127 -0.00505127
23 4 -0.00516159 -0.00503416 -0.00503416
23 5 -0.00386138 0.000827479 0.000827479
23 6 -0.00992848 -0.0141506 -0.0141506
23 7 -0.00150899 0.00265405 0.00265405
23 8 -0.00534539 -0.00359108 -0.00359108
23 9 -0.0019975 -0.000437607 -0.000437607
23 10 -0.00388719 0.000255664 0.000255664
23 11 -0.0020841 -0.000458992 -0.000458992
23 12 -0.00530428 -0.00363803 -0.00363803
23 13 -0.00716291 -0.00997482 -0.00997482
23 14 -0.00707314 -0.00985058 -0.00985058
23 15 0.000449338 0.00687344 0.00687344
23 16 -0.0282115 -0.0523328 -0.0523328
23 17 -0.0285147 -0.0529402 -0.0529402
23 18 0.000472546 0.00682156 0.00682156
23 19 0.00317719 0.00320719 0.00320719
23 20 0.00535371 0.00586442 0.00586442
23 21 0.00315377 0.00318415 0.00318415
23 22 -0.0205842 -0.0480456 -0.0480456
23 23 0.162712 0.271492 0.379354
23 24 -0.0207139 -0.0483144 -0.0483144
23 25 0.00317416 0.00988699 0.00988699
23 26 0.00326136 -0.0021245 -0.0021245
23 27 0.00321653 -0.00212166 -0.00212166
23 28 0.00316929 0.00989246 0.00989246
23 29 -0.0155472 -0.0387027 -0.0387027
23 30 -0.0156867 -0.0389488 -0.0389488
23 31 0.00273023 -0.00140957 -0.00140957
23 32 0.000210837 -0.0118927 -0.0118927
23 33 0.00219622 0.0202596 0.0202596
23 34 0.000313022 -0.0118368 -0.0118368
23 35 0.00264121 -0.00158026 -0.00158026
23 36 0.0052314 0.0095872 0.0095872
24 1 -0.00983547 -0.0139219 -0.0139219
24 2 -0.00985252 -0.0140243 -0.0140243
24 3 -0.00379472 0.00112233 0.00112233
24 4 -0.00517468 -0.00501662 -0.00501662
24 5 -0.00525387 -0.00508729 -0.00508729
24 6 -0.00380104 0.00101144 0.00101144
24 7 -0.00524833 -0.0035096 -0.0035096
24 8 -0.00146599 0.00289618 0.00289618
24 9 -0.00533848 -0.00358794 -0.00358794
24 10 -0.00204783 -0.000426527 -0.000426527
24 11 -0.00386936 0.000561515 0.000561515
24 12 -0.00198737 -0.000335317 -0.000335317
24 13 0.000409876 0.00688624 0.00688624
24 14 -0.0071632 -0.00997493 -0.00997493
24 15 -0.00715105 -0.00991985 -0.00991985
24 16 0.000462805 0.00690607 0.00690607
24 17 -0.028191 -0.0522418 -0.0522418
24 18 -0.0283324 -0.0525754 -0.0525754
24 19 -0.0204637 -0.0477778 -0.0477778
24 20 0.00314829 0.0031674 0.0031674
24 21 0.00535061 0.00582356 0.00582356
24 22 0.00314965 0.00312764 0.00312764
24 23 -0.0207139 -0.0483144 -0.0483144
24 24 0.162637 0.271189 0.37936
24 25 -0.0158865 -0.0393762 -0.0393762
24 26 0.00313368 0.00987045 0.00987045
24 27 0.0032382 -0.00209837 -0.00209837
24 28 0.00325205 -0.00204096 -0.00204096
24 29 0.00320569 0.00990822 0.00990822
24 30 -0.0157984 -0.0391096 -0.0391096
24 31 0.0052833 0.00965406 0.00965406
24 32 0.00272347 -0.00146866 -0.00146866
24 33 0.000354575 -0.0116462 -0.0116462
24 34 0.00217159 0.0202231 0.0202231
24 35 0.000120973 -0.0120072 -0.0120072
24 36 0.0027277 -0.0014288 -0.0014288
25 1 -0.00256991 0.00158957 0.00158957
25 2 -0.00735129 -0.00689915 -0.00689915
25 3 -0.00270665 0.00163119 0.00163119
25 4 -0.00275075 0.000948471 0.000948471
25 5 -0.00699248 -0.00486244 -0.00486244
25 6 -0.00289146 0.000834919 0.000834919
25 7 -0.00807613 -0.00952228 -0.00952228
25 8 -0.0028388 0.00141529 0.00141529
25 9 -0.00273054 0.00148659 0.00148659
25 10 -0.00831431 -0.010067 -0.010067
25 11 -0.00356533 0.000338023 0.000338023
25 12 -0.00343509 0.00039857 0.00039857
25 13 -0.00198872 -0.000327914 -0.000327914
25 14 -0.00531138 -0.00363945 -0.00363945
25 15 -0.00139888 0.00285815 0.00285815
25 16 -0.00531556 -0.00377663 -0.00377663
25 17 -0.00192149 -0.000253697 -0.000253697
25 18 -0.00383402 0.000341076 0.000341076
25 19 -0.0153956 -0.0383245 -0.0383245
25 20 0.00312997 0.00977868 0.00977868
25 21 0.00321857 -0.00209019 -0.00209019
25 22 0.00322009 -0.00207505 -0.00207505
25 23 0.00317416 0.00988699 0.00988699
25 24 -0.0158865 -0.0393762 -0.0393762
25 25 0.160204 0.257434 0.383382
25 26 -0.012721 -0.030514 -0.030514
25 27 0.00509793 -0.00180633 -0.00180633
25 28 0.00128386 0.0170516 0.0170516
25 29 0.00518581 -0.0017827 -0.0017827
25 30 -0.012879 -0.0307173 -0.0307173
25 31 -0.0328764 -0.0785083 -0.0785083
25 32 -0.03269 -0.0780897 -0.0780897
25 33 0.00608938 0.0212472 0.0212472
25 34 -5.45324e-06 -0.0105931 -0.0105931
25 35 -0.000249842 -0.0108823 -0.0108823
25 36 0.00609307 0.0212462 0.0212462
26 1 -0.002877 0.000892111 0.000892111
26 2 -0.00266479 0.00151552 0.00151552
26 3 -0.00774198 -0.00716462 -0.00716462
26 4 -0.00259811 0.00168386 0.00168386
26 5 -0.00285709 0.000956055 0.000956055
26 6 -0.00703787 -0.00464463 -0.00464463
26 7 -0.00352734 0.000348063 0.000348063
26 8 -0.00821482 -0.00952725 -0.00952725
26 9 -0.00277615 0.00157644 0.00157644
26 10 -0.00275554 0.00160892 0.00160892
26 11 -0.0084875 -0.010102 -0.010102
26 12 -0.00356608 0.000332418 0.000332418
26 13 -0.00386513 0.000582399 0.000582399
26 14 -0.00208779 -0.000460651 -0.000460651
26 15 -0.00543922 -0.00376217 -0.00376217
26 16 -0.00133914 0.00316254 0.00316254
26 17 -0.00547498 -0.00383469 -0.00383469
26 18 -0.00199229 -0.000371579 -0.000371579
26 19 -0.0150957 -0.0377535 -0.0377535
26 20 -0.0152256 -0.0380258 -0.0380258
26 21 0.00314211 0.00988642 0.00988642
26 22 0.0032716 -0.00210547 -0.00210547
26 23 0.00326136 -0.0021245 -0.0021245
26 24 0.00313368 0.00987045 0.00987045
26 25 -0.012721 -0.030514 -0.030514
26 26 0.160379 0.25638 0.385135
26 27 -0.0129057 -0.0308951 -0.0308951
26 28 0.00520126 -0.00177261 -0.00177261
26 29 0.00129725 0.0172159 0.0172159
26 30 0.00518163 -0.00178919 -0.00178919
26 31 0.00611765 0.0213765 0.0213765
26 32 -0.0328149 -0.0786023 -0.0786023
26 33 -0.032889 -0.0787016 -0.0787016
26 34 0.00618503 0.0215522 0.0215522
26 35 -0.000135654 -0.0108115 -0.0108115
26 36 -8.01058e-05 -0.0107327 -0.0107327
27 1 -0.0070941 -0.00505792 -0.00505792
27 2 -0.00275371 0.00094396 0.00094396
27 3 -0.00266824 0.00165933 0.00165933
27 4 -0.0075665 -0.00724199 -0.00724199
27 5 -0.0025862 0.00162512 0.00162512
27 6 -0.00284649 0.000881515 0.000881515
27 7 -0.0033958 0.000484485 0.000484485
27 8 -0.00347375 0.000486553 0.000486553
27 9 -0.00827121 -0.00998042 -0.00998042
27 10 -0.00268826 0.00158428 0.00158428
27 11 -0.00275522 0.0016067 0.0016067
27 12 -0.00831211 -0.0100667 -0.0100667
27 13 -0.00205616 -0.000439414 -0.000439414
27 14 -0.00388433 0.000271486 0.000271486
27 15 -0.00200839 -0.000434376 -0.000434376
27 16 -0.00536087 -0.00375134 -0.00375134
27 17 -0.0013352 0.00303777 0.00303777
27 18 -0.00544406 -0.00394099 -0.00394099
27 19 0.00310193 0.00977555 0.00977555
27 20 -0.0153277 -0.0382157 -0.0382157
27 21 -0.0153737 -0.0382506 -0.0382506
27 22 0.00313672 0.00989127 0.00989127
27 23 0.00321653 -0.00212166 -0.00212166
27 24 0.0032382 -0.00209837 -0.00209837
27 25 0.00509793 -0.00180633 -0.00180633
27 26 -0.0129057 -0.0308951 -0.0308951
27 27 0.160273 0.257401 0.383693
27 28 -0.012901 -0.0307885 -0.0307885
27 29 0.00518345 -0.00176818 -0.00176818
27 30 0.00128564 0.0170572 0.0170572
27 31 -0.000104976 -0.0107256 -0.0107256
27 32 0.00616349 0.0214384 0.0214384
27 33 -0.0328492 -0.0783766 -0.0783766
27 34 -0.0326999 -0.0783107 -0.0783107
27 35 0.00613988 0.0213659 0.0213659
27 36 -0.000174294 -0.0108065 -0.0108065
28 1 -0.00284324 0.00082497 0.00082497
28 2 -0.00700384 -0.00493964 -0.00493964
28 3 -0.00291314 0.000926851 0.000926851
28 4 -0.00255637 0.00165493 0.00165493
28 5 -0.00752041 -0.00709756 -0.00709756
28 6 -0.00269022 0.00148132 0.00148132
28 7 -0.00804381 -0.00945776 -0.00945776
28 8 -0.00346396 0.000507945 0.000507945
28 9 -0.00341173 0.000467966 0.000467966
28 10 -0.00827409 -0.00998657 -0.00998657
28 11 -0.00277483 0.00157982 0.00157982
28 12 -0.00272953 0.00148456 0.00148456
28 13 -0.00535 -0.00359936 -0.00359936
28 14 -0.00200347 -0.000445787 -0.000445787
28 15 -0.00390607 0.000259707 0.000259707
28 16 -0.0019595 -0.000316396 -0.000316396
28 17 -0.00540586 -0.00386601 -0.00386601
28 18 -0.00134075 0.00292997 0.00292997
28 19 0.00322765 -0.00212598 -0.00212598
28 20 0.00313626 0.00983444 0.00983444
28 21 -0.0154297 -0.0383222 -0.0383222
28 22 -0.0155898 -0.0387574 -0.0387574
28 23 0.00316929 0.00989246 0.00989246
28 24 0.00325205 -0.00204096 -0.00204096
28 25 0.00128386 0.0170516 0.0170516
28 26 0.00520126 -0.00177261 -0.00177261
28 27 -0.012901 -0.0307885 -0.0307885
28 28 0.160227 0.257359 0.383549
28 29 -0.0128463 -0.0307808 -0.0307808
28 30 0.00511783 -0.00181687 -0.00181687
28 31 -0.000158716 -0.0107979 -0.0107979
28 32 -0.000153989 -0.0107455 -0.0107455
28 33 0.00612152 0.021336 0.021336
28 34 -0.032669 -0.0782959 -0.0782959
28 35 -0.032924 -0.0785294 -0.0785294
28 36 0.0061267 0.0213768 0.0213768
29 1 -0.00272558 0.00145552 0.00145552
29 2 -0.00293405 0.000734169 0.000734169
29 3 -0.00710162 -0.00472015 -0.00472015
29 4 -0.0028943 0.000851208 0.000851208
29 5 -0.00268382 0.00160457 0.00160457
29 6 -0.00728 -0.00640598 -0.00640598
29 7 -0.0028588 0.0013293 0.0013293
29 8 -0.00800797 -0.0091139 -0.0091139
29 9 -0.00346443 0.000507626 0.000507626
29 10 -0.00347368 0.000488095 0.000488095
29 11 -0.00821748 -0.00953458 -0.00953458
29 12 -0.00283753 0.00141465 0.00141465
29 13 -0.00146309 0.00290545 0.00290545
29 14 -0.00535646 -0.00360169 -0.00360169
29 15 -0.00200897 -0.000312938 -0.000312938
29 16 -0.0038415 0.000432289 0.000432289
29 17 -0.00199069 -0.000291382 -0.000291382
29 18 -0.0053414 -0.00374068 -0.00374068
29 19 0.0032621 -0.00200741 -0.00200741
29 20 0.00330277 -0.00202718 -0.00202718
29 21 0.00318275 0.0098491 0.0098491
29 22 -0.015479 -0.0385125 -0.0385125
29 23 -0.0155472 -0.0387027 -0.0387027
29 24 0.00320569 0.00990822 0.00990822
29 25 0.00518581 -0.0017827 -0.0017827
29 26 0.00129725 0.0172159 0.0172159
29 27 0.00518345 -0.00176818 -0.00176818
29 28 -0.0128463 -0.0307808 -0.0307808
29 29 0.160227 0.25644 0.384467
29 30 -0.012773 -0.0305818 -0.0305818
29 31 0.00612665 0.0213876 0.0213876
29 32 -8.33034e-05 -0.0107832 -0.0107832
29 33 -8.7734e-05 -0.0107607 -0.0107607
29 34 0.0061754 0.02155 0.02155
29 35 -0.0329049 -0.0786164 -0.0786164
29 36 -0.0329458 -0.078745 -0.078745
30 1 -0.0071621 -0.00643124 -0.00643124
30 2 -0.00252542 0.00168355 0.00168355
30 3 -0.0029604 0.000830614 0.000830614
30 4 -0.00686689 -0.00470003 -0.00470003
30 5 -0.00284643 0.000847553 0.000847553
30 6 -0.00268629 0.00145259 0.00145259
30 7 -0.00276407 0.00137475 0.00137475
30 8 -0.00285866 0.00133103 0.00133103
30 9 -0.0080468 -0.00946497 -0.00946497
30 10 -0.00339615 0.00048294 0.00048294
30 11 -0.0035264 0.000353843 0.000353843
30 12 -0.00807815 -0.00953325 -0.00953325
30 13 -0.00525711 -0.00351167 -0.00351167
30 14 -0.00150609 0.0026578 0.0026578
30 15 -0.0052251 -0.00357541 -0.00357541
30 16 -0.00191341 -0.000204152 -0.000204152
30 17 -0.00384879 0.000392145 0.000392145
30 18 -0.00186384 -0.000232835 -0.000232835
30 19 0.00311845 0.00971252 0.00971252
30 20 0.00325513 -0.00208742 -0.00208742
30 21 0.0032219 -0.00201447 -0.00201447
30 22 0.00317605 0.00986813 0.00986813
30 23 -0.0156867 -0.0389488 -0.0389488
30 24 -0.0157984 -0.0391096 -0.0391096
30 25 -0.012879 -0.0307173 -0.0307173
30 26 0.00518163 -0.00178919 -0.00178919
30 27 0.00128564 0.0170572 0.0170572
30 28 0.00511783 -0.00181687 -0.00181687
30 29 -0.012773 -0.0305818 -0.0305818
30 30 0.16013 0.257491 0.383031
30 31 -0.0329389 -0.0786634 -0.0786634
30 32 0.00610037 0.0213402 0.0213402
30 33 -0.000210464 -0.0107777 -0.0107777
30 34 -7.74587e-05 -0.010698 -0.010698
30 35 0.00609303 0.0213348 0.0213348
30 36 -0.0329846 -0.0786612 -0.0786612
31 1 -0.00649787 -0.00574216 -0.00574216
31 2 -0.00648031 -0.00577918 -0.00577918
31 3 -0.00716154 -0.00373865 -0.00373865
31 4 -0.00408483 -0.00227103 -0.00227103
31 5 -0.00419255 -0.00248799 -0.00248799
31 6 -0.00690281 -0.00340397 -0.00340397
31 7 -0.00269183 0.00144828 0.00144828
31 8 -0.00728003 -0.00639668 -0.00639668
31 9 -0.00269563 0.00148099 0.00148099
31 10 -0.00285048 0.000883243 0.000883243
31 11 -0.00704601 -0.00464833 -0.00464833
31 12 -0.00289596 0.000832655 0.000832655
31 13 -0.00380236 0.00102889 0.00102889
31 14 -0.00995819 -0.014192 -0.014192
31 15 -0.0100696 -0.0143652 -0.0143652
31 16 -0.00385213 0.00092206 0.00092206
31 17 -0.00549045 -0.00567429 -0.00567429
31 18 -0.00542739 -0.0055404 -0.0055404
31 19 0.00265355 -0.00154994 -0.00154994
31 20 0.000475463 -0.0113707 -0.0113707
31 21 0.00220674 0.0199891 0.0199891
31 22 0.000204279 -0.0119458 -0.0119458
31 23 0.00273023 -0.00140957 -0.00140957
31 24 0.0052833 0.00965406 0.00965406
31 25 -0.0328764 -0.0785083 -0.0785083
31 26 0.00611765 0.0213765 0.0213765
31 27 -0.000104976 -0.0107256 -0.0107256
31 28 -0.000158716 -0.0107979 -0.0107979
31 29 0.00612665 0.0213876 0.0213876
31 30 -0.0329389 -0.0786634 -0.0786634
31 31 0.177013 0.284733 0.42332
31 32 -0.027536 -0.0665389 -0.0665389
31 33 0.00474955 -0.00358535 -0.00358535
31 34 0.00832512 0.016044 0.016044
31 35 0.00471456 -0.00362133 -0.00362133
31 36 -0.0276054 -0.0665158 -0.0665158
32 1 -0.00700943 -0.00382495 -0.00382495
32 2 -0.00635062 -0.00554917 -0.00554917
32 3 -0.00653828 -0.00558605 -0.00558605
32 4 -0.00711138 -0.00402333 -0.00402333
32 5 -0.00411874 -0.00235259 -0.00235259
32 6 -0.0041928 -0.0024889 -0.0024889
32 7 -0.00285146 0.000847261 0.000847261
32 8 -0.00268917 0.00160048 0.00160048
32 9 -0.00752283 -0.00709023 -0.00709023
32 10 -0.00259269 0.00162345 0.00162345
32 11 -0.00286029 0.000956724 0.000956724
32 12 -0.006996 -0.00486444 -0.00486444
32 13 -0.00527236 -0.00510995 -0.00510995
32 14 -0.00386026 0.00084195 0.00084195
32 15 -0.01017 -0.0146456 -0.0146456
32 16 -0.0101846 -0.014712 -0.014712
32 17 -0.00396217 0.000740728 0.000740728
32 18 -0.0052869 -0.00525978 -0.00525978
32 19 0.00517066 0.00939799 0.00939799
32 20 0.00273745 -0.00145427 -0.00145427
32 21 0.000402856 -0.0114939 -0.0114939
32 22 0.00217058 0.0202484 0.0202484
32 23 0.000210837 -0.0118927 -0.0118927
32 24 0.00272347 -0.00146866 -0.00146866
32 25 -0.03269 -0.0780897 -0.0780897
32 26 -0.0328149 -0.0786023 -0.0786023
32 27 0.00616349 0.0214384 0.0214384
32 28 -0.000153989 -0.0107455 -0.0107455
32 29 -8.33034e-05 -0.0107832 -0.0107832
32 30 0.00610037 0.0213402 0.0213402
32 31 -0.027536 -0.0665389 -0.0665389
32 32 0.177096 0.2852 0.423185
32 33 -0.0276991 -0.0666611 -0.0666611
32 34 0.00483586 -0.00364185 -0.00364185
32 35 0.00825081 0.0159834 0.0159834
32 36 0.00468462 -0.00364937 -0.00364937
33 1 -0.00399066 -0.00221609 -0.00221609
33 2 -0.00704164 -0.00398146 -0.00398146
33 3 -0.0065662 -0.00569304 -0.00569304
33 4 -0.00641911 -0.00567614 -0.00567614
33 5 -0.00711289 -0.00402869 -0.00402869
33 6 -0.00408436 -0.00226769 -0.00226769
33 7 -0.00687136 -0.00470184 -0.00470184
33 8 -0.00289742 0.000850624 0.000850624
33 9 -0.00256347 0.00165243 0.00165243
33 10 -0.00757239 -0.00724749 -0.00724749
33 11 -0.00260265 0.00168767 0.00168767
33 12 -0.00275298 0.000948375 0.000948375
33 13 -0.00518917 -0.00502864 -0.00502864
33 14 -0.0051778 -0.00505018 -0.00505018
33 15 -0.00380465 0.000900409 0.000900409
33 16 -0.010205 -0.0148445 -0.0148445
33 17 -0.0103125 -0.0149988 -0.0149988
33 18 -0.0038051 0.000904186 0.000904186
33 19 0.00267898 -0.00146211 -0.00146211
33 20 0.00512887 0.00922247 0.00922247
33 21 0.00268102 -0.0015085 -0.0015085
33 22 0.000285484 -0.0117073 -0.0117073
33 23 0.00219622 0.0202596 0.0202596
33 24 0.000354575 -0.0116462 -0.0116462
33 25 0.00608938 0.0212472 0.0212472
33 26 -0.032889 -0.0787016 -0.0787016
33 27 -0.0328492 -0.0783766 -0.0783766
33 28 0.00612152 0.021336 0.021336
33 29 -8.7734e-05 -0.0107607 -0.0107607
33 30 -0.000210464 -0.0107777 -0.0107777
33 31 0.00474955 -0.00358535 -0.00358535
33 32 -0.0276991 -0.0666611 -0.0666611
33 33 0.177071 0.285782 0.4225
33 34 -0.0274715 -0.0664846 -0.0664846
33 35 0.00459768 -0.00368194 -0.00368194
33 36 0.00822253 0.0159353 0.0159353
34 1 -0.00407564 -0.00211455 -0.00211455
34 2 -0.00399779 -0.00197895 -0.00197895
34 3 -0.00743085 -0.00412819 -0.00412819
34 4 -0.00656948 -0.0057007 -0.0057007
34 5 -0.00653992 -0.00558871 -0.00558871
34 6 -0.00716193 -0.00374194 -0.00374194
34 7 -0.00296445 0.000826706 0.000826706
34 8 -0.00710721 -0.00472651 -0.00472651
34 9 -0.00291706 0.000926992 0.000926992
34 10 -0.00267387 0.00165859 0.00165859
34 11 -0.00774886 -0.00717036 -0.00717036
34 12 -0.00271104 0.00162633 0.00162633
34 13 -0.00379875 0.00113843 0.00113843
34 14 -0.00530069 -0.00506456 -0.00506456
34 15 -0.00530235 -0.00514014 -0.00514014
34 16 -0.00386191 0.000986878 0.000986878
34 17 -0.0102899 -0.0147285 -0.0147285
34 18 -0.0102641 -0.0147749 -0.0147749
34 19 0.000620081 -0.0111334 -0.0111334
34 20 0.00279277 -0.00140882 -0.00140882
34 21 0.00519634 0.00937569 0.00937569
34 22 0.00275438 -0.0014477 -0.0014477
34 23 0.000313022 -0.0118368 -0.0118368
34 24 0.00217159 0.0202231 0.0202231
34 25 -5.45324e-06 -0.0105931 -0.0105931
34 26 0.00618503 0.0215522 0.0215522
34 27 -0.0326999 -0.0783107 -0.0783107
34 28 -0.032669 -0.0782959 -0.0782959
34 29 0.0061754 0.02155 0.02155
34 30 -7.74587e-05 -0.010698 -0.010698
34 31 0.00832512 0.016044 0.016044
34 32 0.00483586 -0.00364185 -0.00364185
34 33 -0.0274715 -0.0664846 -0.0664846
34 34 0.177146 0.283776 0.424806
34 35 -0.0276551 -0.06673 -0.06673
34 36 0.00477905 -0.00365917 -0.00365917
35 1 -0.00690394 -0.00374919 -0.00374919
35 2 -0.00390822 -0.00210615 -0.00210615
35 3 -0.00399689 -0.00197909 -0.00197909
35 4 -0.00704275 -0.00398097 -0.00398097
35 5 -0.0063501 -0.00554954 -0.00554954
35 6 -0.00648088 -0.00578224 -0.00578224
35 7 -0.00252744 0.00168918 0.00168918
35 8 -0.00293683 0.000733142 0.000733142
35 9 -0.00701204 -0.00494611 -0.00494611
35 10 -0.00275772 0.000942816 0.000942816
35 11 -0.00267092 0.00151326 0.00151326
35 12 -0.00735618 -0.00690334 -0.00690334
35 13 -0.00987914 -0.0140647 -0.0140647
35 14 -0.00384349 0.000761085 0.000761085
35 15 -0.0052036 -0.00517108 -0.00517108
35 16 -0.00530319 -0.00537634 -0.00537634
35 17 -0.00388454 0.000794792 0.000794792
35 18 -0.00999823 -0.0144464 -0.0144464
35 19 0.00206754 0.0197682 0.0197682
35 20 0.000328289 -0.0116476 -0.0116476
35 21 0.00267068 -0.00150391 -0.00150391
35 22 0.00517756 0.00948595 0.00948595
35 23 0.00264121 -0.00158026 -0.00158026
35 24 0.000120973 -0.0120072 -0.0120072
35 25 -0.000249842 -0.0108823 -0.0108823
35 26 -0.000135654 -0.0108115 -0.0108115
35 27 0.00613988 0.0213659 0.0213659
35 28 -0.032924 -0.0785294 -0.0785294
35 29 -0.0329049 -0.0786164 -0.0786164
35 30 0.00609303 0.0213348 0.0213348
35 31 0.00471456 -0.00362133 -0.00362133
35 32 0.00825081 0.0159834 0.0159834
35 33 0.00459768 -0.00368194 -0.00368194
35 34 -0.0276551 -0.06673 -0.06673
35 35 0.177017 0.286111 0.421957
35 36 -0.0278936 -0.0669939 -0.0669939
36 1 -0.00633512 -0.00551947 -0.00551947
36 2 -0.0069047 -0.00374918 -0.00374918
36 3 -0.00407668 -0.00211951 -0.00211951
36 4 -0.00399144 -0.00221992 -0.00221992
36 5 -0.00701257 -0.00382961 -0.00382961
36 6 -0.0064976 -0.00574396 -0.00574396
36 7 -0.0071618 -0.00641866 -0.00641866
36 8 -0.00272867 0.00145637 0.00145637
36 9 -0.00284675 0.000827681 0.000827681
36 10 -0.0071046 -0.00506641 -0.00506641
36 11 -0.0028807 0.000891829 0.000891829
36 12 -0.00257412 0.00158976 0.00158976
36 13 -0.00986809 -0.0139703 -0.0139703
36 14 -0.00978442 -0.0139733 -0.0139733
36 15 -0.0039002 0.000759855 0.000759855
36 16 -0.00536346 -0.00546447 -0.00546447
36 17 -0.00536595 -0.00549363 -0.00549363
36 18 -0.00395818 0.000672559 0.000672559
36 19 0.000298156 -0.0117065 -0.0117065
36 20 0.00207613 0.0197715 0.0197715
36 21 0.00018328 -0.0118405 -0.0118405
36 22 0.00264211 -0.0016313 -0.0016313
36 23 0.0052314 0.0095872 0.0095872
36 24 0.0027277 -0.0014288 -0.0014288
36 25 0.00609307 0.0212462 0.0212462
36 26 -8.01058e-05 -0.0107327 -0.0107327
36 27 -0.000174294 -0.0108065 -0.0108065
36 28 0.0061267 0.0213768 0.0213768
36 29 -0.0329458 -0.078745 -0.078745
36 30 -0.0329846 -0.0786612 -0.0786612
36 31 -0.0276054 -0.0665158 -0.0665158
36 32 0.00468462 -0.00364937 -0.00364937
36 33 0.00822253 0.0159353 0.0159353
36 34 0.00477905 -0.00365917 -0.00365917
36 35 -0.0278936 -0.0669939 -0.0669939
36 36 0.176974 0.285642 0.422255
