0.056 1.7557511034875006 1.7557511034875 0.49002100552499983 0.7860763583031976 0.08430282552499992
0.083 1.322887610617501 1.3228876106175003 0.6572395973825003 0.774460327548999 0.23044508586750004
0.111 1.529091935345832 1.5290919353458317 0.7639850973583326 0.718168817673829 0.1518622893083333
0.139 1.3098576734866676 1.3098576734866667 0.8414833549049998 0.6867300716537938 0.15948611581166655
0.167 1.2849616539583342 1.2849616539583337 0.9570639929166678 0.6180657367010856 0.09185018208333344
0.194 1.3062293534583338 1.3062293534583334 0.7682484434666661 0.6313497712944971 0.16458219558333337
0.222 1.0602920801441669 1.0228839766958324 0.950031664591666 0.5737690192279313 0.1422281341083333
0.25 1.098528313015551 0.9855258465462486 0.9118179912074995 0.5457736673951963 0.1475900539075
0.278 0.9476594630600006 0.8250331499049999 0.9476594630600006 0.5398412898113008 0.11460937494000001
0.306 0.8653457054583336 0.8098282832916657 0.8653457054583336 0.5356923659924926 0.12288657254166684
0.333 0.813545026750001 0.770965604791666 0.813545026750001 0.5291674660507606 0.1222901834166664
0.361 0.7450875120591671 0.6870548669700004 0.7450875120591671 0.5231901471275162 0.12083895925750004
0.389 0.6790303805700003 0.6217607322841672 0.6790303805700003 0.5176777524807195 0.12275754459666643
0.417 0.6245445923166665 0.5671345688666669 0.6245445923166665 0.5108770797995796 0.11910847001666675
0.444 0.5757634388333325 0.5213115772916671 0.5757634388333325 0.4983246887230306 0.11828158066666675
0.472 0.5388475352999997 0.49044982658749947 0.5388475352999997 0.4694996807245207 0.11936621894999995
0.528 0.4608639629499997 0.4241684837833338 0.4608639629499997 0.425256817276185 0.11703823328333325
0.556 0.430198398699167 0.39457757132458326 0.430198398699167 0.3978710861534062 0.11122602465083331
0.583 0.39914049692441644 0.3688528517429171 0.39914049692441644 0.3777708765474391 0.10748564434841666
0.611 0.37065866854999957 0.3443837058500003 0.37065866854999957 0.3567390574591097 0.10261055204999997
0.639 0.33685673301358343 0.316232201293083 0.33685673301358343 0.32815989813306934 0.09651201854308335
0.667 0.30442868887500035 0.29004314680416654 0.30442868887500035 0.30010989809378036 0.09655735979166669
0.75 0.23282722293750016 0.2184560576875 0.2284670572083334 0.22601631082424373 0.05650012662500008
