0.083 1.800496364666459 1.8004963646664573 0.8721877470554176 0.7895471084565691 0.13125982779708303
0.097 1.6706576557119068 1.5705249408638378 0.7165174147263332 0.7808361876314318 0.1173232508263333
0.111 1.7259405654154183 1.7259405654154178 0.7629028724866678 0.7128515203645339 0.1180101909966668
0.125 1.6776887501416664 1.6776887501416642 0.7851224107333304 0.6814752587574007 0.1275599907416664
0.139 1.74263312590542 1.742633125905417 0.7686267384616684 0.6642951721904284 0.11452265871166649
0.153 1.5297087164366778 1.470989104591672 0.7826343116916683 0.6806658236716462 0.11276169531666631
0.167 1.5563290882843748 1.556329088284374 0.7827679570099985 0.6831559006302044 0.12046842598500013
0.194 1.5854824603566702 1.5854824603566673 0.8567355891741684 0.6209810968893499 0.11058710984916656
0.208 1.6373436983951133 1.3631293646958338 0.9365533893125026 0.5902458615111134 0.09953200474583326
0.222 1.4340766620456298 1.4340766620456267 0.8784289897095845 0.6069330611270246 0.13459910337375003
0.236 1.2877895378417645 1.1676395383387512 0.9999899353649994 0.571017398450731 0.08575946434500013
0.25 1.3513529352121203 1.2135210597493322 0.9483422720030831 0.5694444758876916 0.07700782545308328
0.278 1.0526588587314565 1.052658858731456 0.9703099926950004 0.5496473865096589 0.07253069066583326
0.292 1.0031385359116782 0.9555723208868763 0.9568567833820842 0.5434720964714754 0.07332113850125001
0.319 0.9029685348407489 0.8343777970922511 0.9029685348407489 0.5398629254052597 0.07255546956924994
0.333 0.8681788257650889 0.7915674745760376 0.8681788257650889 0.5384860638830955 0.06947770716667057
0.347 0.8368692406474981 0.7612141391029174 0.8368692406474981 0.5353848989275447 0.06755906888916655
0.403 0.7095294149367484 0.6403378383346237 0.7095294149367484 0.5316355980610963 0.059478560013249984
0.431 0.6459436704431238 0.5777198872824996 0.6459436704431238 0.5306045346272088 0.0537094876368751
0.472 0.5672344505649962 0.5086975187587459 0.5672344505649962 0.5311077262737771 0.042871369739995856
0.5 0.5210623517541683 0.46745419542499966 0.5210623517541683 0.4923833231811931 0.05797061043749997
0.528 0.47476641087875004 0.4301528902247922 0.47476641087875004 0.4604694980549252 0.043719275437916684
0.611 0.3617569594477494 0.33368861777470826 0.3617569594477494 0.3508978736352808 0.05307484287558324
0.694 0.2781339371924998 0.2537841822031241 0.26811606040583374 0.2602887028097184 0.060716713420000054
0.764 0.2152715622987914 0.19574994112254138 0.2020219558880004 0.19932490655450796 0.040457323346166564
