2 0.1588486529722419 2.647829113223071e-05 0.49768633957220965 0.0005375311384345309 lin
3 0.23148639507271046 7.67246965639053e-05 0.7235782872634482 0.0012261953644001036 lin
4 0.31187134582538745 0.0002623606272781835 0.9689564932642741 0.0026490409878663973 lin
5 0.37627619758798847 0.00021201584147697032 1.1757287892966992 0.003275797848535447 lin
6 0.4450363213066331 0.00016770000536285554 1.3963007554720734 0.004035247058700858 lin
7 0.48149095295692285 9.572315865293219e-05 1.5163382113982853 0.004173269972407878 lin
8 0.5236624867187076 0.00013040883862094126 1.6481039236707584 0.005043743351944403 lin
9 0.5509741065349711 8.15492689918381e-05 1.7380583949430544 0.005156619495658147 lin
10 0.5814524423718794 0.00014643230872377758 1.8307596042341407 0.006129576303810137 lin
11 0.5953971364325262 7.781891874989306e-05 1.8794467049277062 0.0058805301674424194 lin
12 0.6065919686431387 4.5567612833684386e-05 1.9177806500277748 0.005767299693803317 lin
13 0.6190288320236824 4.810762518328879e-05 1.957037417018732 0.006013358243078113 lin
14 0.6302758649835851 2.9580795233619076e-05 1.9947684367123286 0.005986156262488943 lin
15 0.6388852205218934 1.0006719093960352e-05 2.025163395500399 0.005796277191571609 lin
16 0.6481521215670808 1.4508213289415817e-06 2.057222951060496 0.005667167624187682 lin
17 0.6617341889514189 3.65514039317694e-06 2.0994186246239255 0.006009965456429816 lin
19 0.6796643344948111 1.4563745140047022e-05 2.153822601101078 0.006631336609236617 lin
20 0.6822999845040071 7.877200727569467e-06 2.163546857319749 0.006520366905729932 lin
21 0.6799553987635667 7.860181863020416e-06 2.156103413134177 0.006476670671368252 lin
22 0.6747530690575183 5.808918639556014e-06 2.1401052960125626 0.006320076249040689 lin
23 0.6545879716655789 1.4662099586821799e-05 2.0741510436313835 0.00617458632229447 lin
24 0.6298491130235636 3.6380948265809815e-05 1.9926188796179123 0.006068438827758442 lin
27 0.550025680735898 0.00014846336631794358 1.7308214174210144 0.0055920715864674056 lin
30 0.4328414111315801 0.0002652839158643791 1.3530938279656821 0.004275522221131959 lin
