2 0.1455550237151865 1.2251438826945882e-08 0.9241097711583317 7.104523281637595e-05 lin
3 0.1655180864704821 5.850616701578964e-07 1.0556242583164492 7.595802184381687e-05 lin
6 0.27398816885968724 1.725494748982121e-05 1.7628843253293542 0.00013474265482951847 lin
7 0.3361090635597993 5.659561701393487e-07 2.1393113524880776 0.0003414991938281577 lin
8 0.3891697708461273 5.379807562764731e-06 2.484798534872154 0.00039932615090381183 lin
9 0.4224648038098636 1.1895384018903335e-05 2.7023711044010508 0.0004319691272197986 lin
10 0.4538518337448238 1.1985820422976024e-05 2.9018411487394626 0.0005091960579374085 lin
11 0.47545933600900536 1.4946082391159954e-05 3.0412764871386293 0.0005478523644002969 lin
12 0.4936147528892708 2.923409098037822e-05 3.1648714773279627 0.0005262424357223239 lin
14 0.5400971737826823 2.6951135712870114e-05 3.4590175477910163 0.00066602602011145 lin
15 0.5620282926544857 3.561933983999907e-05 3.602505910539019 0.0006918449429262294 lin
16 0.5801118264976012 3.602809420072422e-05 3.7175724717408816 0.0007454744762937457 lin
17 0.6021257815431623 3.078849335283082e-05 3.8549957281745817 0.0008412691842383957 lin
18 0.6078870747445423 3.2697884956556646e-05 3.892504802924712 0.0008508044598408195 lin
20 0.6385121695316843 2.8145286681157684e-05 4.0848517092025505 0.0009810947461590931 lin
21 0.6528375006380944 8.348528949040583e-06 4.162917430530911 0.0011902265714120327 lin
23 0.6631942482581374 1.6840837506763354e-05 4.235218986899376 0.001149634252383894 lin
24 0.6657282839829022 1.5551248039119782e-05 4.2504589129367485 0.0011701587064391577 lin
25 0.6698126946533045 1.3792626903009689e-05 4.27517670333096 0.0012016787863855425 lin
29 0.6748978306842198 1.0783256127764637e-05 4.30517832419341 0.001251444144249901 lin
31 0.6721880783800857 1.1811849095330846e-05 4.288783372716689 0.0012300060281265313 lin
34 0.6696566808608738 2.5891763583895132e-05 4.281549407381254 0.0011098558826192551 lin
36 0.68916361700036 3.6972516310358046e-06 4.388517005397671 0.0014077373658822432 lin
38 0.697234803771077 3.2028827383731008e-06 4.43907938205957 0.001452464998935332 lin
44 0.6876786090701478 2.854329235471272e-06 4.377832706476464 0.0014184812050161855 lin
50 0.6516516784422479 2.059233875776114e-06 4.147592479808346 0.0012853383403943377 lin
55 0.5886203431158319 1.404055900866349e-07 3.7414778234640877 0.0011077847765782335 lin
60 0.44543855845494335 2.6408817986810938e-05 2.802314209260727 0.0009290672836352677 lin
