0.111   0.2012902568  0.0660884712
0.139   0.2470997846  0.0640639602
0.167   0.2928414223  0.0475363740
0.194   0.3427350960  0.0460768959
0.250   0.4129596152  0.0289388938
0.278   0.4558846203  0.0026497399
0.333   0.5061885065  0.0056690742
0.361   0.5406077171  0.0055970623
0.389   0.5560891623  0.0066340425
0.417   0.5898252763  0.0063240147
0.444   0.6012391320  0.0083302583
0.472   0.6355924372  0.0126875632
0.528   0.6757108801  0.0201088380
0.583   0.7057312714  0.0388697378
0.611   0.7132388818  0.0352092827
0.639   0.7406014829  0.0384362515
0.667   0.7438405882  0.0392426740
0.750   0.7913430684  0.0526977049
0.833   0.8109624867  0.0049759842
