0.083   0.1328006292  0.1041871042
0.097   0.1751758238  0.0826599108
0.111   0.2056916128  0.0677465187
0.125   0.2242794906  0.0704866801
0.139   0.2523506662  0.0592411835
0.153   0.2737105477  0.0638703126
0.167   0.2847721635  0.0644508153
0.194   0.3149718028  0.0713309330
0.208   0.3338017021  0.0632190635
0.222   0.3397520460  0.0642602577
0.236   0.3719779922  0.0526634425
0.250   0.3650528659  0.0751595542
0.278   0.4418401603  0.0232641144
0.292   0.4594232303  0.0237667436
0.319   0.4862259503  0.0240745965
0.333   0.4952872898  0.0246440784
0.347   0.5117658543  0.0262365792
0.403   0.5589527183  0.0303040246
0.431   0.5815271502  0.0325631682
0.472   0.6038094347  0.0443800755
0.500   0.6278001787  0.0433967773
0.528   0.6503732900  0.0426391989
0.611   0.6993280293  0.0482905530
0.694   0.7269108358  0.0732477431
0.764   0.7762286110  0.0692756308
0.833   0.8011204490  0.0668480702
