-2.0 -2.309401076758503 0.6175866759666668 0.5984752682500004
-2.0 -2.116950987028628 0.6064914624083337 0.5930326829999999
-2.0 -1.9245008972987525 0.31107033334166684 0.31005496700000007
-2.0 -1.7320508075688772 0.21948401753333335 0.22164988674999989
-2.0 -1.539600717839002 0.31107033334166667 0.3100549670000003
-2.0 -1.3471506281091268 0.6064914624083337 0.5930326830000006
-2.0 -1.1547005383792515 0.6175866759666668 0.5984752682500004
-2.0 -0.9622504486493763 0.6064914624083336 0.5930326830000001
-2.0 -0.769800358919501 0.3110703333416668 0.3100549670000003
-2.0 -0.5773502691896257 0.21948401753333335 0.22164988674999989
-2.0 -0.3849001794597505 0.3110703333416667 0.31005496700000046
-2.0 -0.19245008972987526 0.6064914624083335 0.5930326830000002
-2.0 0.0 0.6175866759666668 0.5984752682500004
-2.0 0.19245008972987526 0.6064914624083336 0.5930326830000004
-2.0 0.3849001794597505 0.3110703333416667 0.3100549670000002
-2.0 0.5773502691896257 0.21948401753333335 0.22164988674999989
-2.0 0.769800358919501 0.3110703333416669 0.3100549670000003
-2.0 0.9622504486493763 0.6064914624083338 0.5930326830000004
-2.0 1.1547005383792515 0.6175866759666668 0.5984752682500004
-2.0 1.3471506281091268 0.606491462408334 0.5930326830000006
-2.0 1.539600717839002 0.3110703333416667 0.31005496700000024
-2.0 1.7320508075688772 0.21948401753333335 0.22164988674999989
-2.0 1.9245008972987525 0.3110703333416669 0.3100549670000002
-2.0 2.116950987028628 0.6064914624083331 0.5930326830000001
-2.0 2.309401076758503 0.6175866759666668 0.5984752682500004
-1.8333333333333333 -2.309401076758503 0.6120993416408489 0.5947372355745756
-1.8333333333333333 -2.116950987028628 0.597274198992945 0.5849105283721436
-1.8333333333333333 -1.9245008972987525 0.26714176757188757 0.263938203726449
-1.8333333333333333 -1.7320508075688772 0.20492356269248493 0.206689546925424
-1.8333333333333333 -1.539600717839002 0.2672658725903885 0.264091224127857
-1.8333333333333333 -1.3471506281091268 0.5972919215114454 0.5849118062735515
-1.8333333333333333 -1.1547005383792515 0.612099341640849 0.594737235574576
-1.8333333333333333 -0.9622504486493763 0.597274198992945 0.5849105283721436
-1.8333333333333333 -0.769800358919501 0.2671417675718874 0.26393820372644883
-1.8333333333333333 -0.5773502691896257 0.20492356269248482 0.20668954692542407
-1.8333333333333333 -0.3849001794597505 0.26726587259038864 0.2640912241278572
-1.8333333333333333 -0.19245008972987526 0.5972919215114453 0.5849118062735513
-1.8333333333333333 0.0 0.612099341640849 0.5947372355745758
-1.8333333333333333 0.19245008972987526 0.5972741989929451 0.584910528372144
-1.8333333333333333 0.3849001794597505 0.26714176757188746 0.2639382037264488
-1.8333333333333333 0.5773502691896257 0.20492356269248493 0.2066895469254241
-1.8333333333333333 0.769800358919501 0.2672658725903886 0.2640912241278572
-1.8333333333333333 0.9622504486493763 0.5972919215114452 0.5849118062735513
-1.8333333333333333 1.1547005383792515 0.6120993416408489 0.5947372355745757
-1.8333333333333333 1.3471506281091268 0.597274198992945 0.5849105283721442
-1.8333333333333333 1.539600717839002 0.2671417675718874 0.26393820372644866
-1.8333333333333333 1.7320508075688772 0.20492356269248477 0.2066895469254239
-1.8333333333333333 1.9245008972987525 0.26726587259038875 0.26409122412785724
-1.8333333333333333 2.116950987028628 0.5972919215114453 0.5849118062735514
-1.8333333333333333 2.309401076758503 0.6120993416408492 0.5947372355745756
-1.6666666666666667 -2.309401076758503 0.487076572908333 0.4552681717499996
-1.6666666666666667 -2.116950987028628 0.44450837671666654 0.4152772545000001
-1.6666666666666667 -1.9245008972987525 0.21508878653333313 0.20803509049999983
-1.6666666666666667 -1.7320508075688772 0.19034606809166685 0.1874248157500001
-1.6666666666666667 -1.539600717839002 0.2150156290333334 0.20797362050000007
-1.6666666666666667 -1.3471506281091268 0.44467795171666696 0.41547650200000036
-1.6666666666666667 -1.1547005383792515 0.48707657290833284 0.4552681717499996
-1.6666666666666667 -0.9622504486493763 0.4445083767166669 0.4152772545000003
-1.6666666666666667 -0.769800358919501 0.21508878653333333 0.20803509050000002
-1.6666666666666667 -0.5773502691896257 0.19034606809166682 0.18742481574999995
-1.6666666666666667 -0.3849001794597505 0.21501562903333318 0.20797362050000004
-1.6666666666666667 -0.19245008972987526 0.44467795171666696 0.41547650200000047
-1.6666666666666667 0.0 0.4870765729083334 0.45526817174999995
-1.6666666666666667 0.19245008972987526 0.44450837671666693 0.41527725450000025
-1.6666666666666667 0.3849001794597505 0.21508878653333327 0.20803509049999988
-1.6666666666666667 0.5773502691896257 0.1903460680916666 0.1874248157499999
-1.6666666666666667 0.769800358919501 0.2150156290333331 0.20797362050000004
-1.6666666666666667 0.9622504486493763 0.44467795171666713 0.41547650200000064
-1.6666666666666667 1.1547005383792515 0.48707657290833345 0.45526817174999995
-1.6666666666666667 1.3471506281091268 0.44450837671666693 0.4152772545000004
-1.6666666666666667 1.539600717839002 0.2150887865333333 0.20803509050000007
-1.6666666666666667 1.7320508075688772 0.19034606809166668 0.1874248157500002
-1.6666666666666667 1.9245008972987525 0.21501562903333302 0.20797362049999985
-1.6666666666666667 2.116950987028628 0.444677951716667 0.41547650200000036
-1.6666666666666667 2.309401076758503 0.4870765729083332 0.4552681717500003
-1.5 -2.309401076758503 0.2340939084166665 0.22650834249999974
-1.5 -2.116950987028628 0.23158221711253069 0.22046936819584742
-1.5 -1.9245008972987525 0.23158221711253063 0.22046936819584742
-1.5 -1.7320508075688772 0.23409390841666664 0.22650834249999988
-1.5 -1.539600717839002 0.23151068197080266 0.22037431180415248
-1.5 -1.3471506281091268 0.2315106819708026 0.2203743118041524
-1.5 -1.1547005383792515 0.23409390841666655 0.2265083424999998
-1.5 -0.9622504486493763 0.23158221711253058 0.22046936819584742
-1.5 -0.769800358919501 0.23158221711253066 0.22046936819584748
-1.5 -0.5773502691896257 0.23409390841666677 0.22650834250000007
-1.5 -0.3849001794597505 0.23151068197080263 0.22037431180415237
-1.5 -0.19245008972987526 0.23151068197080243 0.2203743118041524
-1.5 0.0 0.23409390841666675 0.22650834250000004
-1.5 0.19245008972987526 0.23158221711253066 0.2204693681958473
-1.5 0.3849001794597505 0.2315822171125307 0.2204693681958475
-1.5 0.5773502691896257 0.23409390841666675 0.22650834250000007
-1.5 0.769800358919501 0.23151068197080257 0.22037431180415246
-1.5 0.9622504486493763 0.23151068197080252 0.22037431180415235
-1.5 1.1547005383792515 0.23409390841666666 0.22650834250000002
-1.5 1.3471506281091268 0.23158221711253066 0.2204693681958473
-1.5 1.539600717839002 0.23158221711253074 0.22046936819584748
-1.5 1.7320508075688772 0.23409390841666664 0.2265083424999998
-1.5 1.9245008972987525 0.2315106819708026 0.22037431180415237
-1.5 2.116950987028628 0.23151068197080263 0.22037431180415248
-1.5 2.309401076758503 0.2340939084166667 0.22650834250000002
-1.3333333333333333 -2.309401076758503 0.19034606809166638 0.1874248157499998
-1.3333333333333333 -2.116950987028628 0.21508878653333346 0.2080350905
-1.3333333333333333 -1.9245008972987525 0.44450837671666704 0.4152772545000005
-1.3333333333333333 -1.7320508075688772 0.48707657290833345 0.4552681717500001
-1.3333333333333333 -1.539600717839002 0.44467795171666735 0.41547650200000075
-1.3333333333333333 -1.3471506281091268 0.21501562903333316 0.2079736204999999
-1.3333333333333333 -1.1547005383792515 0.19034606809166682 0.1874248157500001
-1.3333333333333333 -0.9622504486493763 0.21508878653333321 0.20803509049999988
-1.3333333333333333 -0.769800358919501 0.44450837671666715 0.4152772545000007
-1.3333333333333333 -0.5773502691896257 0.48707657290833367 0.45526817175000006
-1.3333333333333333 -0.3849001794597505 0.44467795171666724 0.4154765020000007
-1.3333333333333333 -0.19245008972987526 0.21501562903333324 0.20797362049999996
-1.3333333333333333 0.0 0.19034606809166665 0.18742481574999995
-1.3333333333333333 0.19245008972987526 0.2150887865333334 0.20803509049999994
-1.3333333333333333 0.3849001794597505 0.44450837671666715 0.4152772545000004
-1.3333333333333333 0.5773502691896257 0.4870765729083333 0.45526817175
-1.3333333333333333 0.769800358919501 0.4446779517166672 0.4154765020000006
-1.3333333333333333 0.9622504486493763 0.21501562903333338 0.2079736205
-1.3333333333333333 1.1547005383792515 0.19034606809166685 0.18742481574999983
-1.3333333333333333 1.3471506281091268 0.21508878653333344 0.20803509049999974
-1.3333333333333333 1.539600717839002 0.44450837671666715 0.41527725450000025
-1.3333333333333333 1.7320508075688772 0.48707657290833306 0.4552681717499996
-1.3333333333333333 1.9245008972987525 0.4446779517166672 0.4154765020000002
-1.3333333333333333 2.116950987028628 0.21501562903333343 0.20797362050000015
-1.3333333333333333 2.309401076758503 0.19034606809166663 0.1874248157499999
-1.1666666666666667 -2.309401076758503 0.20492356269248485 0.20668954692542402
-1.1666666666666667 -2.116950987028628 0.26714176757188757 0.26393820372644894
-1.1666666666666667 -1.9245008972987525 0.5972741989929449 0.5849105283721439
-1.1666666666666667 -1.7320508075688772 0.6120993416408492 0.5947372355745758
-1.1666666666666667 -1.539600717839002 0.5972919215114454 0.5849118062735517
-1.1666666666666667 -1.3471506281091268 0.26726587259038864 0.26409122412785724
-1.1666666666666667 -1.1547005383792515 0.2049235626924848 0.2066895469254239
-1.1666666666666667 -0.9622504486493763 0.2671417675718875 0.2639382037264489
-1.1666666666666667 -0.769800358919501 0.597274198992945 0.5849105283721442
-1.1666666666666667 -0.5773502691896257 0.612099341640849 0.5947372355745758
-1.1666666666666667 -0.3849001794597505 0.5972919215114453 0.5849118062735513
-1.1666666666666667 -0.19245008972987526 0.26726587259038875 0.26409122412785724
-1.1666666666666667 0.0 0.20492356269248485 0.20668954692542396
-1.1666666666666667 0.19245008972987526 0.26714176757188757 0.2639382037264489
-1.1666666666666667 0.3849001794597505 0.5972741989929451 0.584910528372144
-1.1666666666666667 0.5773502691896257 0.6120993416408489 0.5947372355745758
-1.1666666666666667 0.769800358919501 0.5972919215114454 0.5849118062735513
-1.1666666666666667 0.9622504486493763 0.26726587259038864 0.2640912241278572
-1.1666666666666667 1.1547005383792515 0.20492356269248488 0.2066895469254239
-1.1666666666666667 1.3471506281091268 0.26714176757188757 0.2639382037264488
-1.1666666666666667 1.539600717839002 0.5972741989929451 0.5849105283721439
-1.1666666666666667 1.7320508075688772 0.6120993416408491 0.594737235574576
-1.1666666666666667 1.9245008972987525 0.5972919215114453 0.5849118062735514
-1.1666666666666667 2.116950987028628 0.2672658725903887 0.2640912241278572
-1.1666666666666667 2.309401076758503 0.20492356269248505 0.2066895469254241
-1.0 -2.309401076758503 0.21948401753333335 0.22164988674999989
-1.0 -2.116950987028628 0.31107033334166667 0.31005496700000024
-1.0 -1.9245008972987525 0.6064914624083336 0.5930326830000006
-1.0 -1.7320508075688772 0.6175866759666668 0.5984752682500004
-1.0 -1.539600717839002 0.6064914624083338 0.5930326830000001
-1.0 -1.3471506281091268 0.31107033334166656 0.3100549670000001
-1.0 -1.1547005383792515 0.21948401753333335 0.22164988674999989
-1.0 -0.9622504486493763 0.31107033334166667 0.31005496700000046
-1.0 -0.769800358919501 0.6064914624083336 0.5930326830000002
-1.0 -0.5773502691896257 0.6175866759666668 0.5984752682500004
-1.0 -0.3849001794597505 0.6064914624083337 0.5930326830000002
-1.0 -0.19245008972987526 0.3110703333416668 0.3100549670000003
-1.0 0.0 0.21948401753333335 0.22164988674999989
-1.0 0.19245008972987526 0.3110703333416667 0.3100549670000002
-1.0 0.3849001794597505 0.606491462408334 0.5930326830000002
-1.0 0.5773502691896257 0.6175866759666668 0.5984752682500004
-1.0 0.769800358919501 0.6064914624083337 0.5930326830000002
-1.0 0.9622504486493763 0.3110703333416667 0.3100549670000003
-1.0 1.1547005383792515 0.21948401753333335 0.22164988674999989
-1.0 1.3471506281091268 0.31107033334166667 0.31005496700000024
-1.0 1.539600717839002 0.6064914624083337 0.593032683
-1.0 1.7320508075688772 0.6175866759666668 0.5984752682500004
-1.0 1.9245008972987525 0.6064914624083337 0.5930326830000003
-1.0 2.116950987028628 0.3110703333416667 0.31005496700000024
-1.0 2.309401076758503 0.21948401753333335 0.22164988674999989
-0.8333333333333334 -2.309401076758503 0.204923562692485 0.2066895469254241
-0.8333333333333334 -2.116950987028628 0.26726587259038886 0.2640912241278572
-0.8333333333333334 -1.9245008972987525 0.5972919215114454 0.5849118062735515
-0.8333333333333334 -1.7320508075688772 0.612099341640849 0.594737235574576
-0.8333333333333334 -1.539600717839002 0.5972741989929451 0.5849105283721439
-0.8333333333333334 -1.3471506281091268 0.26714176757188757 0.2639382037264488
-0.8333333333333334 -1.1547005383792515 0.204923562692485 0.20668954692542393
-0.8333333333333334 -0.9622504486493763 0.26726587259038886 0.2640912241278573
-0.8333333333333334 -0.769800358919501 0.5972919215114454 0.5849118062735517
-0.8333333333333334 -0.5773502691896257 0.612099341640849 0.5947372355745759
-0.8333333333333334 -0.3849001794597505 0.5972741989929452 0.5849105283721441
-0.8333333333333334 -0.19245008972987526 0.2671417675718876 0.26393820372644894
-0.8333333333333334 0.0 0.20492356269248485 0.20668954692542393
-0.8333333333333334 0.19245008972987526 0.2672658725903888 0.2640912241278572
-0.8333333333333334 0.3849001794597505 0.5972919215114453 0.5849118062735517
-0.8333333333333334 0.5773502691896257 0.612099341640849 0.5947372355745757
-0.8333333333333334 0.769800358919501 0.597274198992945 0.5849105283721443
-0.8333333333333334 0.9622504486493763 0.2671417675718876 0.263938203726449
-0.8333333333333334 1.1547005383792515 0.20492356269248496 0.20668954692542396
-0.8333333333333334 1.3471506281091268 0.2672658725903888 0.2640912241278572
-0.8333333333333334 1.539600717839002 0.5972919215114454 0.5849118062735518
-0.8333333333333334 1.7320508075688772 0.6120993416408491 0.5947372355745759
-0.8333333333333334 1.9245008972987525 0.5972741989929449 0.584910528372144
-0.8333333333333334 2.116950987028628 0.2671417675718876 0.26393820372644894
-0.8333333333333334 2.309401076758503 0.20492356269248485 0.20668954692542396
-0.6666666666666666 -2.309401076758503 0.1903460680916665 0.18742481574999964
-0.6666666666666666 -2.116950987028628 0.21501562903333304 0.2079736205
-0.6666666666666666 -1.9245008972987525 0.4446779517166667 0.41547650200000014
-0.6666666666666666 -1.7320508075688772 0.48707657290833284 0.4552681717499996
-0.6666666666666666 -1.539600717839002 0.44450837671666654 0.41527725449999997
-0.6666666666666666 -1.3471506281091268 0.21508878653333316 0.2080350904999998
-0.6666666666666666 -1.1547005383792515 0.19034606809166682 0.18742481574999995
-0.6666666666666666 -0.9622504486493763 0.2150156290333331 0.20797362050000004
-0.6666666666666666 -0.769800358919501 0.44467795171666674 0.4154765020000003
-0.6666666666666666 -0.5773502691896257 0.48707657290833306 0.4552681717499998
-0.6666666666666666 -0.3849001794597505 0.44450837671666665 0.41527725450000014
-0.6666666666666666 -0.19245008972987526 0.21508878653333321 0.20803509049999994
-0.6666666666666666 0.0 0.19034606809166665 0.18742481574999997
-0.6666666666666666 0.19245008972987526 0.21501562903333318 0.20797362050000007
-0.6666666666666666 0.3849001794597505 0.444677951716667 0.4154765020000004
-0.6666666666666666 0.5773502691896257 0.4870765729083332 0.45526817174999995
-0.6666666666666666 0.769800358919501 0.4445083767166668 0.4152772545000001
-0.6666666666666666 0.9622504486493763 0.2150887865333331 0.20803509049999985
-0.6666666666666666 1.1547005383792515 0.19034606809166665 0.18742481575000006
-0.6666666666666666 1.3471506281091268 0.21501562903333288 0.20797362049999985
-0.6666666666666666 1.539600717839002 0.444677951716667 0.41547650200000036
-0.6666666666666666 1.7320508075688772 0.4870765729083331 0.45526817175
-0.6666666666666666 1.9245008972987525 0.4445083767166668 0.41527725450000014
-0.6666666666666666 2.116950987028628 0.21508878653333313 0.20803509049999994
-0.6666666666666666 2.309401076758503 0.19034606809166627 0.18742481574999975
-0.5 -2.309401076758503 0.2340939084166669 0.22650834250000018
-0.5 -2.116950987028628 0.2315106819708026 0.22037431180415243
-0.5 -1.9245008972987525 0.2315106819708024 0.22037431180415232
-0.5 -1.7320508075688772 0.23409390841666677 0.2265083425
-0.5 -1.539600717839002 0.23158221711253069 0.22046936819584745
-0.5 -1.3471506281091268 0.23158221711253066 0.22046936819584742
-0.5 -1.1547005383792515 0.23409390841666688 0.2265083425000002
-0.5 -0.9622504486493763 0.23151068197080252 0.22037431180415235
-0.5 -0.769800358919501 0.2315106819708025 0.2203743118041524
-0.5 -0.5773502691896257 0.23409390841666677 0.22650834250000004
-0.5 -0.3849001794597505 0.23158221711253066 0.22046936819584736
-0.5 -0.19245008972987526 0.23158221711253077 0.22046936819584742
-0.5 0.0 0.23409390841666675 0.22650834250000004
-0.5 0.19245008972987526 0.23151068197080243 0.22037431180415237
-0.5 0.3849001794597505 0.23151068197080252 0.22037431180415237
-0.5 0.5773502691896257 0.2340939084166668 0.2265083425000001
-0.5 0.769800358919501 0.23158221711253066 0.22046936819584734
-0.5 0.9622504486493763 0.23158221711253077 0.22046936819584748
-0.5 1.1547005383792515 0.23409390841666677 0.22650834250000002
-0.5 1.3471506281091268 0.23151068197080257 0.22037431180415246
-0.5 1.539600717839002 0.23151068197080257 0.22037431180415235
-0.5 1.7320508075688772 0.23409390841666686 0.22650834250000015
-0.5 1.9245008972987525 0.23158221711253055 0.2204693681958474
-0.5 2.116950987028628 0.23158221711253066 0.22046936819584745
-0.5 2.309401076758503 0.23409390841666686 0.22650834250000004
-0.3333333333333333 -2.309401076758503 0.4870765729083333 0.45526817175000045
-0.3333333333333333 -2.116950987028628 0.44467795171666724 0.4154765020000006
-0.3333333333333333 -1.9245008972987525 0.21501562903333318 0.20797362050000004
-0.3333333333333333 -1.7320508075688772 0.19034606809166674 0.18742481575000017
-0.3333333333333333 -1.539600717839002 0.21508878653333335 0.20803509050000002
-0.3333333333333333 -1.3471506281091268 0.44450837671666704 0.4152772545000005
-0.3333333333333333 -1.1547005383792515 0.48707657290833356 0.45526817175
-0.3333333333333333 -0.9622504486493763 0.44467795171666713 0.4154765020000007
-0.3333333333333333 -0.769800358919501 0.21501562903333318 0.20797362049999996
-0.3333333333333333 -0.5773502691896257 0.19034606809166657 0.18742481574999986
-0.3333333333333333 -0.3849001794597505 0.21508878653333327 0.20803509049999988
-0.3333333333333333 -0.19245008972987526 0.44450837671666693 0.41527725450000036
-0.3333333333333333 0.0 0.4870765729083334 0.45526817174999995
-0.3333333333333333 0.19245008972987526 0.444677951716667 0.4154765020000005
-0.3333333333333333 0.3849001794597505 0.2150156290333333 0.20797362050000007
-0.3333333333333333 0.5773502691896257 0.19034606809166682 0.18742481574999992
-0.3333333333333333 0.769800358919501 0.2150887865333333 0.20803509049999996
-0.3333333333333333 0.9622504486493763 0.44450837671666693 0.4152772545000003
-0.3333333333333333 1.1547005383792515 0.48707657290833306 0.4552681717499999
-0.3333333333333333 1.3471506281091268 0.4446779517166671 0.4154765020000004
-0.3333333333333333 1.539600717839002 0.21501562903333338 0.20797362050000012
-0.3333333333333333 1.7320508075688772 0.19034606809166682 0.1874248157500001
-0.3333333333333333 1.9245008972987525 0.21508878653333333 0.20803509049999996
-0.3333333333333333 2.116950987028628 0.44450837671666665 0.4152772545000001
-0.3333333333333333 2.309401076758503 0.4870765729083331 0.4552681717499997
-0.16666666666666666 -2.309401076758503 0.6120993416408489 0.5947372355745757
-0.16666666666666666 -2.116950987028628 0.5972919215114453 0.5849118062735517
-0.16666666666666666 -1.9245008972987525 0.2672658725903889 0.26409122412785735
-0.16666666666666666 -1.7320508075688772 0.2049235626924849 0.2066895469254239
-0.16666666666666666 -1.539600717839002 0.26714176757188735 0.2639382037264487
-0.16666666666666666 -1.3471506281091268 0.5972741989929449 0.5849105283721441
-0.16666666666666666 -1.1547005383792515 0.612099341640849 0.5947372355745758
-0.16666666666666666 -0.9622504486493763 0.5972919215114453 0.5849118062735517
-0.16666666666666666 -0.769800358919501 0.2672658725903889 0.26409122412785724
-0.16666666666666666 -0.5773502691896257 0.2049235626924849 0.20668954692542404
-0.16666666666666666 -0.3849001794597505 0.2671417675718876 0.2639382037264489
-0.16666666666666666 -0.19245008972987526 0.5972741989929451 0.5849105283721441
-0.16666666666666666 0.0 0.612099341640849 0.5947372355745758
-0.16666666666666666 0.19245008972987526 0.5972919215114454 0.5849118062735515
-0.16666666666666666 0.3849001794597505 0.2672658725903889 0.26409122412785724
-0.16666666666666666 0.5773502691896257 0.204923562692485 0.20668954692542396
-0.16666666666666666 0.769800358919501 0.2671417675718876 0.26393820372644894
-0.16666666666666666 0.9622504486493763 0.597274198992945 0.5849105283721439
-0.16666666666666666 1.1547005383792515 0.612099341640849 0.5947372355745761
-0.16666666666666666 1.3471506281091268 0.5972919215114453 0.5849118062735514
-0.16666666666666666 1.539600717839002 0.2672658725903887 0.2640912241278571
-0.16666666666666666 1.7320508075688772 0.20492356269248493 0.20668954692542385
-0.16666666666666666 1.9245008972987525 0.26714176757188796 0.2639382037264491
-0.16666666666666666 2.116950987028628 0.597274198992945 0.5849105283721437
-0.16666666666666666 2.309401076758503 0.6120993416408487 0.5947372355745756
0.0 -2.309401076758503 0.6175866759666668 0.5984752682500004
0.0 -2.116950987028628 0.6064914624083338 0.5930326830000001
0.0 -1.9245008972987525 0.31107033334166684 0.31005496700000024
0.0 -1.7320508075688772 0.21948401753333335 0.22164988674999989
0.0 -1.539600717839002 0.31107033334166667 0.31005496700000024
0.0 -1.3471506281091268 0.606491462408334 0.5930326830000004
0.0 -1.1547005383792515 0.6175866759666668 0.5984752682500004
0.0 -0.9622504486493763 0.6064914624083338 0.5930326830000003
0.0 -0.769800358919501 0.3110703333416669 0.3100549670000003
0.0 -0.5773502691896257 0.21948401753333335 0.22164988674999989
0.0 -0.3849001794597505 0.3110703333416667 0.31005496700000024
0.0 -0.19245008972987526 0.6064914624083336 0.5930326830000003
0.0 0.0 0.6175866759666668 0.5984752682500004
0.0 0.19245008972987526 0.6064914624083336 0.5930326830000003
0.0 0.3849001794597505 0.3110703333416667 0.31005496700000024
0.0 0.5773502691896257 0.21948401753333335 0.22164988674999989
0.0 0.769800358919501 0.3110703333416669 0.3100549670000003
0.0 0.9622504486493763 0.6064914624083338 0.5930326830000003
0.0 1.1547005383792515 0.6175866759666668 0.5984752682500004
0.0 1.3471506281091268 0.606491462408334 0.5930326830000004
0.0 1.539600717839002 0.31107033334166667 0.31005496700000024
0.0 1.7320508075688772 0.21948401753333335 0.22164988674999989
0.0 1.9245008972987525 0.31107033334166684 0.31005496700000024
0.0 2.116950987028628 0.6064914624083338 0.5930326830000001
0.0 2.309401076758503 0.6175866759666668 0.5984752682500004
0.16666666666666666 -2.309401076758503 0.6120993416408487 0.5947372355745756
0.16666666666666666 -2.116950987028628 0.597274198992945 0.5849105283721437
0.16666666666666666 -1.9245008972987525 0.26714176757188796 0.2639382037264491
0.16666666666666666 -1.7320508075688772 0.20492356269248493 0.20668954692542385
0.16666666666666666 -1.539600717839002 0.2672658725903887 0.2640912241278571
0.16666666666666666 -1.3471506281091268 0.5972919215114453 0.5849118062735514
0.16666666666666666 -1.1547005383792515 0.612099341640849 0.5947372355745761
0.16666666666666666 -0.9622504486493763 0.597274198992945 0.5849105283721439
0.16666666666666666 -0.769800358919501 0.2671417675718876 0.26393820372644894
0.16666666666666666 -0.5773502691896257 0.204923562692485 0.20668954692542396
0.16666666666666666 -0.3849001794597505 0.2672658725903889 0.26409122412785724
0.16666666666666666 -0.19245008972987526 0.5972919215114454 0.5849118062735515
0.16666666666666666 0.0 0.612099341640849 0.5947372355745758
0.16666666666666666 0.19245008972987526 0.5972741989929451 0.5849105283721441
0.16666666666666666 0.3849001794597505 0.2671417675718876 0.2639382037264489
0.16666666666666666 0.5773502691896257 0.2049235626924849 0.20668954692542404
0.16666666666666666 0.769800358919501 0.2672658725903889 0.26409122412785724
0.16666666666666666 0.9622504486493763 0.5972919215114453 0.5849118062735517
0.16666666666666666 1.1547005383792515 0.612099341640849 0.5947372355745758
0.16666666666666666 1.3471506281091268 0.5972741989929449 0.5849105283721441
0.16666666666666666 1.539600717839002 0.26714176757188735 0.2639382037264487
0.16666666666666666 1.7320508075688772 0.2049235626924849 0.2066895469254239
0.16666666666666666 1.9245008972987525 0.2672658725903889 0.26409122412785735
0.16666666666666666 2.116950987028628 0.5972919215114453 0.5849118062735517
0.16666666666666666 2.309401076758503 0.6120993416408489 0.5947372355745757
0.3333333333333333 -2.309401076758503 0.4870765729083331 0.4552681717499997
0.3333333333333333 -2.116950987028628 0.44450837671666665 0.4152772545000001
0.3333333333333333 -1.9245008972987525 0.21508878653333333 0.20803509049999996
0.3333333333333333 -1.7320508075688772 0.19034606809166682 0.1874248157500001
0.3333333333333333 -1.539600717839002 0.21501562903333338 0.20797362050000012
0.3333333333333333 -1.3471506281091268 0.4446779517166671 0.4154765020000004
0.3333333333333333 -1.1547005383792515 0.48707657290833306 0.4552681717499999
0.3333333333333333 -0.9622504486493763 0.44450837671666693 0.4152772545000003
0.3333333333333333 -0.769800358919501 0.2150887865333333 0.20803509049999996
0.3333333333333333 -0.5773502691896257 0.19034606809166682 0.18742481574999992
0.3333333333333333 -0.3849001794597505 0.2150156290333333 0.20797362050000007
0.3333333333333333 -0.19245008972987526 0.444677951716667 0.4154765020000005
0.3333333333333333 0.0 0.4870765729083334 0.45526817174999995
0.3333333333333333 0.19245008972987526 0.44450837671666693 0.41527725450000036
0.3333333333333333 0.3849001794597505 0.21508878653333327 0.20803509049999988
0.3333333333333333 0.5773502691896257 0.19034606809166657 0.18742481574999986
0.3333333333333333 0.769800358919501 0.21501562903333318 0.20797362049999996
0.3333333333333333 0.9622504486493763 0.44467795171666713 0.4154765020000007
0.3333333333333333 1.1547005383792515 0.48707657290833356 0.45526817175
0.3333333333333333 1.3471506281091268 0.44450837671666704 0.4152772545000005
0.3333333333333333 1.539600717839002 0.21508878653333335 0.20803509050000002
0.3333333333333333 1.7320508075688772 0.19034606809166674 0.18742481575000017
0.3333333333333333 1.9245008972987525 0.21501562903333318 0.20797362050000004
0.3333333333333333 2.116950987028628 0.44467795171666724 0.4154765020000006
0.3333333333333333 2.309401076758503 0.4870765729083333 0.45526817175000045
0.5 -2.309401076758503 0.23409390841666686 0.22650834250000004
0.5 -2.116950987028628 0.23158221711253066 0.22046936819584745
0.5 -1.9245008972987525 0.23158221711253055 0.2204693681958474
0.5 -1.7320508075688772 0.23409390841666686 0.22650834250000015
0.5 -1.539600717839002 0.23151068197080257 0.22037431180415235
0.5 -1.3471506281091268 0.23151068197080257 0.22037431180415246
0.5 -1.1547005383792515 0.23409390841666677 0.22650834250000002
0.5 -0.9622504486493763 0.23158221711253077 0.22046936819584748
0.5 -0.769800358919501 0.23158221711253066 0.22046936819584734
0.5 -0.5773502691896257 0.2340939084166668 0.2265083425000001
0.5 -0.3849001794597505 0.23151068197080252 0.22037431180415237
0.5 -0.19245008972987526 0.23151068197080243 0.22037431180415237
0.5 0.0 0.23409390841666675 0.22650834250000004
0.5 0.19245008972987526 0.23158221711253077 0.22046936819584742
0.5 0.3849001794597505 0.23158221711253066 0.22046936819584736
0.5 0.5773502691896257 0.23409390841666677 0.22650834250000004
0.5 0.769800358919501 0.2315106819708025 0.2203743118041524
0.5 0.9622504486493763 0.23151068197080252 0.22037431180415235
0.5 1.1547005383792515 0.23409390841666688 0.2265083425000002
0.5 1.3471506281091268 0.23158221711253066 0.22046936819584742
0.5 1.539600717839002 0.23158221711253069 0.22046936819584745
0.5 1.7320508075688772 0.23409390841666677 0.2265083425
0.5 1.9245008972987525 0.2315106819708024 0.22037431180415232
0.5 2.116950987028628 0.2315106819708026 0.22037431180415243
0.5 2.309401076758503 0.2340939084166669 0.22650834250000018
0.6666666666666666 -2.309401076758503 0.19034606809166627 0.18742481574999975
0.6666666666666666 -2.116950987028628 0.21508878653333313 0.20803509049999994
0.6666666666666666 -1.9245008972987525 0.4445083767166668 0.41527725450000014
0.6666666666666666 -1.7320508075688772 0.4870765729083331 0.45526817175
0.6666666666666666 -1.539600717839002 0.444677951716667 0.41547650200000036
0.6666666666666666 -1.3471506281091268 0.21501562903333288 0.20797362049999985
0.6666666666666666 -1.1547005383792515 0.19034606809166665 0.18742481575000006
0.6666666666666666 -0.9622504486493763 0.2150887865333331 0.20803509049999985
0.6666666666666666 -0.769800358919501 0.4445083767166668 0.4152772545000001
0.6666666666666666 -0.5773502691896257 0.4870765729083332 0.45526817174999995
0.6666666666666666 -0.3849001794597505 0.444677951716667 0.4154765020000004
0.6666666666666666 -0.19245008972987526 0.21501562903333318 0.20797362050000007
0.6666666666666666 0.0 0.19034606809166665 0.18742481574999997
0.6666666666666666 0.19245008972987526 0.21508878653333321 0.20803509049999994
0.6666666666666666 0.3849001794597505 0.44450837671666665 0.41527725450000014
0.6666666666666666 0.5773502691896257 0.48707657290833306 0.4552681717499998
0.6666666666666666 0.769800358919501 0.44467795171666674 0.4154765020000003
0.6666666666666666 0.9622504486493763 0.2150156290333331 0.20797362050000004
0.6666666666666666 1.1547005383792515 0.19034606809166682 0.18742481574999995
0.6666666666666666 1.3471506281091268 0.21508878653333316 0.2080350904999998
0.6666666666666666 1.539600717839002 0.44450837671666654 0.41527725449999997
0.6666666666666666 1.7320508075688772 0.48707657290833284 0.4552681717499996
0.6666666666666666 1.9245008972987525 0.4446779517166667 0.41547650200000014
0.6666666666666666 2.116950987028628 0.21501562903333304 0.2079736205
0.6666666666666666 2.309401076758503 0.1903460680916665 0.18742481574999964
0.8333333333333334 -2.309401076758503 0.20492356269248485 0.20668954692542396
0.8333333333333334 -2.116950987028628 0.2671417675718876 0.26393820372644894
0.8333333333333334 -1.9245008972987525 0.5972741989929449 0.584910528372144
0.8333333333333334 -1.7320508075688772 0.6120993416408491 0.5947372355745759
0.8333333333333334 -1.539600717839002 0.5972919215114454 0.5849118062735518
0.8333333333333334 -1.3471506281091268 0.2672658725903888 0.2640912241278572
0.8333333333333334 -1.1547005383792515 0.20492356269248496 0.20668954692542396
0.8333333333333334 -0.9622504486493763 0.2671417675718876 0.263938203726449
0.8333333333333334 -0.769800358919501 0.597274198992945 0.5849105283721443
0.8333333333333334 -0.5773502691896257 0.612099341640849 0.5947372355745757
0.8333333333333334 -0.3849001794597505 0.5972919215114453 0.5849118062735517
0.8333333333333334 -0.19245008972987526 0.2672658725903888 0.2640912241278572
0.8333333333333334 0.0 0.20492356269248485 0.20668954692542393
0.8333333333333334 0.19245008972987526 0.2671417675718876 0.26393820372644894
0.8333333333333334 0.3849001794597505 0.5972741989929452 0.5849105283721441
0.8333333333333334 0.5773502691896257 0.612099341640849 0.5947372355745759
0.8333333333333334 0.769800358919501 0.5972919215114454 0.5849118062735517
0.8333333333333334 0.9622504486493763 0.26726587259038886 0.2640912241278573
0.8333333333333334 1.1547005383792515 0.204923562692485 0.20668954692542393
0.8333333333333334 1.3471506281091268 0.26714176757188757 0.2639382037264488
0.8333333333333334 1.539600717839002 0.5972741989929451 0.5849105283721439
0.8333333333333334 1.7320508075688772 0.612099341640849 0.594737235574576
0.8333333333333334 1.9245008972987525 0.5972919215114454 0.5849118062735515
0.8333333333333334 2.116950987028628 0.26726587259038886 0.2640912241278572
0.8333333333333334 2.309401076758503 0.204923562692485 0.2066895469254241
1.0 -2.309401076758503 0.21948401753333335 0.22164988674999989
1.0 -2.116950987028628 0.3110703333416667 0.31005496700000024
1.0 -1.9245008972987525 0.6064914624083337 0.5930326830000003
1.0 -1.7320508075688772 0.6175866759666668 0.5984752682500004
1.0 -1.539600717839002 0.6064914624083337 0.593032683
1.0 -1.3471506281091268 0.31107033334166667 0.31005496700000024
1.0 -1.1547005383792515 0.21948401753333335 0.22164988674999989
1.0 -0.9622504486493763 0.3110703333416667 0.3100549670000003
1.0 -0.769800358919501 0.6064914624083337 0.5930326830000002
1.0 -0.5773502691896257 0.6175866759666668 0.5984752682500004
1.0 -0.3849001794597505 0.606491462408334 0.5930326830000002
1.0 -0.19245008972987526 0.3110703333416667 0.3100549670000002
1.0 0.0 0.21948401753333335 0.22164988674999989
1.0 0.19245008972987526 0.3110703333416668 0.3100549670000003
1.0 0.3849001794597505 0.6064914624083337 0.5930326830000002
1.0 0.5773502691896257 0.6175866759666668 0.5984752682500004
1.0 0.769800358919501 0.6064914624083336 0.5930326830000002
1.0 0.9622504486493763 0.31107033334166667 0.31005496700000046
1.0 1.1547005383792515 0.21948401753333335 0.22164988674999989
1.0 1.3471506281091268 0.31107033334166656 0.3100549670000001
1.0 1.539600717839002 0.6064914624083338 0.5930326830000001
1.0 1.7320508075688772 0.6175866759666668 0.5984752682500004
1.0 1.9245008972987525 0.6064914624083336 0.5930326830000006
1.0 2.116950987028628 0.31107033334166667 0.31005496700000024
1.0 2.309401076758503 0.21948401753333335 0.22164988674999989
1.1666666666666667 -2.309401076758503 0.20492356269248505 0.2066895469254241
1.1666666666666667 -2.116950987028628 0.2672658725903887 0.2640912241278572
1.1666666666666667 -1.9245008972987525 0.5972919215114453 0.5849118062735514
1.1666666666666667 -1.7320508075688772 0.6120993416408491 0.594737235574576
1.1666666666666667 -1.539600717839002 0.5972741989929451 0.5849105283721439
1.1666666666666667 -1.3471506281091268 0.26714176757188757 0.2639382037264488
1.1666666666666667 -1.1547005383792515 0.20492356269248488 0.2066895469254239
1.1666666666666667 -0.9622504486493763 0.26726587259038864 0.2640912241278572
1.1666666666666667 -0.769800358919501 0.5972919215114454 0.5849118062735513
1.1666666666666667 -0.5773502691896257 0.6120993416408489 0.5947372355745758
1.1666666666666667 -0.3849001794597505 0.5972741989929451 0.584910528372144
1.1666666666666667 -0.19245008972987526 0.26714176757188757 0.2639382037264489
1.1666666666666667 0.0 0.20492356269248485 0.20668954692542396
1.1666666666666667 0.19245008972987526 0.26726587259038875 0.26409122412785724
1.1666666666666667 0.3849001794597505 0.5972919215114453 0.5849118062735513
1.1666666666666667 0.5773502691896257 0.612099341640849 0.5947372355745758
1.1666666666666667 0.769800358919501 0.597274198992945 0.5849105283721442
1.1666666666666667 0.9622504486493763 0.2671417675718875 0.2639382037264489
1.1666666666666667 1.1547005383792515 0.2049235626924848 0.2066895469254239
1.1666666666666667 1.3471506281091268 0.26726587259038864 0.26409122412785724
1.1666666666666667 1.539600717839002 0.5972919215114454 0.5849118062735517
1.1666666666666667 1.7320508075688772 0.6120993416408492 0.5947372355745758
1.1666666666666667 1.9245008972987525 0.5972741989929449 0.5849105283721439
1.1666666666666667 2.116950987028628 0.26714176757188757 0.26393820372644894
1.1666666666666667 2.309401076758503 0.20492356269248485 0.20668954692542402
1.3333333333333333 -2.309401076758503 0.19034606809166663 0.1874248157499999
1.3333333333333333 -2.116950987028628 0.21501562903333343 0.20797362050000015
1.3333333333333333 -1.9245008972987525 0.4446779517166672 0.4154765020000002
1.3333333333333333 -1.7320508075688772 0.48707657290833306 0.4552681717499996
1.3333333333333333 -1.539600717839002 0.44450837671666715 0.41527725450000025
1.3333333333333333 -1.3471506281091268 0.21508878653333344 0.20803509049999974
1.3333333333333333 -1.1547005383792515 0.19034606809166685 0.18742481574999983
1.3333333333333333 -0.9622504486493763 0.21501562903333338 0.2079736205
1.3333333333333333 -0.769800358919501 0.4446779517166672 0.4154765020000006
1.3333333333333333 -0.5773502691896257 0.4870765729083333 0.45526817175
1.3333333333333333 -0.3849001794597505 0.44450837671666715 0.4152772545000004
1.3333333333333333 -0.19245008972987526 0.2150887865333334 0.20803509049999994
1.3333333333333333 0.0 0.19034606809166665 0.18742481574999995
1.3333333333333333 0.19245008972987526 0.21501562903333324 0.20797362049999996
1.3333333333333333 0.3849001794597505 0.44467795171666724 0.4154765020000007
1.3333333333333333 0.5773502691896257 0.48707657290833367 0.45526817175000006
1.3333333333333333 0.769800358919501 0.44450837671666715 0.4152772545000007
1.3333333333333333 0.9622504486493763 0.21508878653333321 0.20803509049999988
1.3333333333333333 1.1547005383792515 0.19034606809166682 0.1874248157500001
1.3333333333333333 1.3471506281091268 0.21501562903333316 0.2079736204999999
1.3333333333333333 1.539600717839002 0.44467795171666735 0.41547650200000075
1.3333333333333333 1.7320508075688772 0.48707657290833345 0.4552681717500001
1.3333333333333333 1.9245008972987525 0.44450837671666704 0.4152772545000005
1.3333333333333333 2.116950987028628 0.21508878653333346 0.2080350905
1.3333333333333333 2.309401076758503 0.19034606809166638 0.1874248157499998
1.5 -2.309401076758503 0.2340939084166667 0.22650834250000002
1.5 -2.116950987028628 0.23151068197080263 0.22037431180415248
1.5 -1.9245008972987525 0.2315106819708026 0.22037431180415237
1.5 -1.7320508075688772 0.23409390841666664 0.2265083424999998
1.5 -1.539600717839002 0.23158221711253074 0.22046936819584748
1.5 -1.3471506281091268 0.23158221711253066 0.2204693681958473
1.5 -1.1547005383792515 0.23409390841666666 0.22650834250000002
1.5 -0.9622504486493763 0.23151068197080252 0.22037431180415235
1.5 -0.769800358919501 0.23151068197080257 0.22037431180415246
1.5 -0.5773502691896257 0.23409390841666675 0.22650834250000007
1.5 -0.3849001794597505 0.2315822171125307 0.2204693681958475
1.5 -0.19245008972987526 0.23158221711253066 0.2204693681958473
1.5 0.0 0.23409390841666675 0.22650834250000004
1.5 0.19245008972987526 0.23151068197080243 0.2203743118041524
1.5 0.3849001794597505 0.23151068197080263 0.22037431180415237
1.5 0.5773502691896257 0.23409390841666677 0.22650834250000007
1.5 0.769800358919501 0.23158221711253066 0.22046936819584748
1.5 0.9622504486493763 0.23158221711253058 0.22046936819584742
1.5 1.1547005383792515 0.23409390841666655 0.2265083424999998
1.5 1.3471506281091268 0.2315106819708026 0.2203743118041524
1.5 1.539600717839002 0.23151068197080266 0.22037431180415248
1.5 1.7320508075688772 0.23409390841666664 0.22650834249999988
1.5 1.9245008972987525 0.23158221711253063 0.22046936819584742
1.5 2.116950987028628 0.23158221711253069 0.22046936819584742
1.5 2.309401076758503 0.2340939084166665 0.22650834249999974
1.6666666666666667 -2.309401076758503 0.4870765729083332 0.4552681717500003
1.6666666666666667 -2.116950987028628 0.444677951716667 0.41547650200000036
1.6666666666666667 -1.9245008972987525 0.21501562903333302 0.20797362049999985
1.6666666666666667 -1.7320508075688772 0.19034606809166668 0.1874248157500002
1.6666666666666667 -1.539600717839002 0.2150887865333333 0.20803509050000007
1.6666666666666667 -1.3471506281091268 0.44450837671666693 0.4152772545000004
1.6666666666666667 -1.1547005383792515 0.48707657290833345 0.45526817174999995
1.6666666666666667 -0.9622504486493763 0.44467795171666713 0.41547650200000064
1.6666666666666667 -0.769800358919501 0.2150156290333331 0.20797362050000004
1.6666666666666667 -0.5773502691896257 0.1903460680916666 0.1874248157499999
1.6666666666666667 -0.3849001794597505 0.21508878653333327 0.20803509049999988
1.6666666666666667 -0.19245008972987526 0.44450837671666693 0.41527725450000025
1.6666666666666667 0.0 0.4870765729083334 0.45526817174999995
1.6666666666666667 0.19245008972987526 0.44467795171666696 0.41547650200000047
1.6666666666666667 0.3849001794597505 0.21501562903333318 0.20797362050000004
1.6666666666666667 0.5773502691896257 0.19034606809166682 0.18742481574999995
1.6666666666666667 0.769800358919501 0.21508878653333333 0.20803509050000002
1.6666666666666667 0.9622504486493763 0.4445083767166669 0.4152772545000003
1.6666666666666667 1.1547005383792515 0.48707657290833284 0.4552681717499996
1.6666666666666667 1.3471506281091268 0.44467795171666696 0.41547650200000036
1.6666666666666667 1.539600717839002 0.2150156290333334 0.20797362050000007
1.6666666666666667 1.7320508075688772 0.19034606809166685 0.1874248157500001
1.6666666666666667 1.9245008972987525 0.21508878653333313 0.20803509049999983
1.6666666666666667 2.116950987028628 0.44450837671666654 0.4152772545000001
1.6666666666666667 2.309401076758503 0.487076572908333 0.4552681717499996
1.8333333333333333 -2.309401076758503 0.6120993416408492 0.5947372355745756
1.8333333333333333 -2.116950987028628 0.5972919215114453 0.5849118062735514
1.8333333333333333 -1.9245008972987525 0.26726587259038875 0.26409122412785724
1.8333333333333333 -1.7320508075688772 0.20492356269248477 0.2066895469254239
1.8333333333333333 -1.539600717839002 0.2671417675718874 0.26393820372644866
1.8333333333333333 -1.3471506281091268 0.597274198992945 0.5849105283721442
1.8333333333333333 -1.1547005383792515 0.6120993416408489 0.5947372355745757
1.8333333333333333 -0.9622504486493763 0.5972919215114452 0.5849118062735513
1.8333333333333333 -0.769800358919501 0.2672658725903886 0.2640912241278572
1.8333333333333333 -0.5773502691896257 0.20492356269248493 0.2066895469254241
1.8333333333333333 -0.3849001794597505 0.26714176757188746 0.2639382037264488
1.8333333333333333 -0.19245008972987526 0.5972741989929451 0.584910528372144
1.8333333333333333 0.0 0.612099341640849 0.5947372355745758
1.8333333333333333 0.19245008972987526 0.5972919215114453 0.5849118062735513
1.8333333333333333 0.3849001794597505 0.26726587259038864 0.2640912241278572
1.8333333333333333 0.5773502691896257 0.20492356269248482 0.20668954692542407
1.8333333333333333 0.769800358919501 0.2671417675718874 0.26393820372644883
1.8333333333333333 0.9622504486493763 0.597274198992945 0.5849105283721436
1.8333333333333333 1.1547005383792515 0.612099341640849 0.594737235574576
1.8333333333333333 1.3471506281091268 0.5972919215114454 0.5849118062735515
1.8333333333333333 1.539600717839002 0.2672658725903885 0.264091224127857
1.8333333333333333 1.7320508075688772 0.20492356269248493 0.206689546925424
1.8333333333333333 1.9245008972987525 0.26714176757188757 0.263938203726449
1.8333333333333333 2.116950987028628 0.597274198992945 0.5849105283721436
1.8333333333333333 2.309401076758503 0.6120993416408489 0.5947372355745756
2.0 -2.309401076758503 0.6175866759666668 0.5984752682500004
2.0 -2.116950987028628 0.6064914624083331 0.5930326830000001
2.0 -1.9245008972987525 0.3110703333416669 0.3100549670000002
2.0 -1.7320508075688772 0.21948401753333335 0.22164988674999989
2.0 -1.539600717839002 0.3110703333416667 0.31005496700000024
2.0 -1.3471506281091268 0.606491462408334 0.5930326830000006
2.0 -1.1547005383792515 0.6175866759666668 0.5984752682500004
2.0 -0.9622504486493763 0.6064914624083338 0.5930326830000004
2.0 -0.769800358919501 0.3110703333416669 0.3100549670000003
2.0 -0.5773502691896257 0.21948401753333335 0.22164988674999989
2.0 -0.3849001794597505 0.3110703333416667 0.3100549670000002
2.0 -0.19245008972987526 0.6064914624083336 0.5930326830000004
2.0 0.0 0.6175866759666668 0.5984752682500004
2.0 0.19245008972987526 0.6064914624083335 0.5930326830000002
2.0 0.3849001794597505 0.3110703333416667 0.31005496700000046
2.0 0.5773502691896257 0.21948401753333335 0.22164988674999989
2.0 0.769800358919501 0.3110703333416668 0.3100549670000003
2.0 0.9622504486493763 0.6064914624083336 0.5930326830000001
2.0 1.1547005383792515 0.6175866759666668 0.5984752682500004
2.0 1.3471506281091268 0.6064914624083337 0.5930326830000006
2.0 1.539600717839002 0.31107033334166667 0.3100549670000003
2.0 1.7320508075688772 0.21948401753333335 0.22164988674999989
2.0 1.9245008972987525 0.31107033334166684 0.31005496700000007
2.0 2.116950987028628 0.6064914624083337 0.5930326829999999
2.0 2.309401076758503 0.6175866759666668 0.5984752682500004
