-2.0 -2.309401076758503 0.7364426164833329 0.7364426164833329
-2.0 -2.116950987028628 0.6742737114333325 0.6742737114333325
-2.0 -1.9245008972987525 0.04711806523333328 0.04711806523333328
-2.0 -1.7320508075688772 0.03962933518333336 0.03962933518333336
-2.0 -1.539600717839002 0.04711806523333325 0.04711806523333325
-2.0 -1.3471506281091268 0.6742737114333335 0.6742737114333335
-2.0 -1.1547005383792515 0.7364426164833329 0.7364426164833329
-2.0 -0.9622504486493763 0.674273711433333 0.674273711433333
-2.0 -0.769800358919501 0.0471180652333334 0.0471180652333334
-2.0 -0.5773502691896257 0.03962933518333336 0.03962933518333336
-2.0 -0.3849001794597505 0.04711806523333324 0.04711806523333324
-2.0 -0.19245008972987526 0.6742737114333331 0.6742737114333331
-2.0 0.0 0.7364426164833329 0.7364426164833329
-2.0 0.19245008972987526 0.6742737114333331 0.6742737114333331
-2.0 0.3849001794597505 0.04711806523333323 0.04711806523333323
-2.0 0.5773502691896257 0.03962933518333336 0.03962933518333336
-2.0 0.769800358919501 0.04711806523333335 0.04711806523333335
-2.0 0.9622504486493763 0.674273711433333 0.674273711433333
-2.0 1.1547005383792515 0.7364426164833329 0.7364426164833329
-2.0 1.3471506281091268 0.6742737114333338 0.6742737114333338
-2.0 1.539600717839002 0.04711806523333328 0.04711806523333328
-2.0 1.7320508075688772 0.03962933518333336 0.03962933518333336
-2.0 1.9245008972987525 0.04711806523333324 0.04711806523333324
-2.0 2.116950987028628 0.6742737114333327 0.6742737114333327
-2.0 2.309401076758503 0.7364426164833329 0.7364426164833329
-1.8333333333333333 -2.309401076758503 0.5952369388030273 0.5952369388030273
-1.8333333333333333 -2.116950987028628 0.3377538612990292 0.3377538612990292
-1.8333333333333333 -1.9245008972987525 0.04222716874534469 0.04222716874534469
-1.8333333333333333 -1.7320508075688772 0.04247055119697205 0.04247055119697205
-1.8333333333333333 -1.539600717839002 0.04222743695096992 0.04222743695096992
-1.8333333333333333 -1.3471506281091268 0.33775386300465476 0.33775386300465476
-1.8333333333333333 -1.1547005383792515 0.5952369388030275 0.5952369388030275
-1.8333333333333333 -0.9622504486493763 0.3377538612990291 0.3377538612990291
-1.8333333333333333 -0.769800358919501 0.04222716874534439 0.04222716874534439
-1.8333333333333333 -0.5773502691896257 0.04247055119697201 0.04247055119697201
-1.8333333333333333 -0.3849001794597505 0.04222743695096987 0.04222743695096987
-1.8333333333333333 -0.19245008972987526 0.33775386300465454 0.33775386300465454
-1.8333333333333333 0.0 0.5952369388030275 0.5952369388030275
-1.8333333333333333 0.19245008972987526 0.33775386129902946 0.33775386129902946
-1.8333333333333333 0.3849001794597505 0.042227168745344386 0.042227168745344386
-1.8333333333333333 0.5773502691896257 0.04247055119697202 0.04247055119697202
-1.8333333333333333 0.769800358919501 0.04222743695096983 0.04222743695096983
-1.8333333333333333 0.9622504486493763 0.33775386300465426 0.33775386300465426
-1.8333333333333333 1.1547005383792515 0.595236938803028 0.595236938803028
-1.8333333333333333 1.3471506281091268 0.33775386129902957 0.33775386129902957
-1.8333333333333333 1.539600717839002 0.04222716874534437 0.04222716874534437
-1.8333333333333333 1.7320508075688772 0.04247055119697199 0.04247055119697199
-1.8333333333333333 1.9245008972987525 0.04222743695096995 0.04222743695096995
-1.8333333333333333 2.116950987028628 0.33775386300465454 0.33775386300465454
-1.8333333333333333 2.309401076758503 0.5952369388030277 0.5952369388030277
-1.6666666666666667 -2.309401076758503 0.20319980865833293 0.20319980865833293
-1.6666666666666667 -2.116950987028628 0.07664868338333315 0.07664868338333315
-1.6666666666666667 -1.9245008972987525 0.03884500203333325 0.03884500203333325
-1.6666666666666667 -1.7320508075688772 0.04498656800833345 0.04498656800833345
-1.6666666666666667 -1.539600717839002 0.03884495153333351 0.03884495153333351
-1.6666666666666667 -1.3471506281091268 0.07664901638333317 0.07664901638333317
-1.6666666666666667 -1.1547005383792515 0.203199808658333 0.203199808658333
-1.6666666666666667 -0.9622504486493763 0.07664868338333336 0.07664868338333336
-1.6666666666666667 -0.769800358919501 0.038845002033333485 0.038845002033333485
-1.6666666666666667 -0.5773502691896257 0.04498656800833333 0.04498656800833333
-1.6666666666666667 -0.3849001794597505 0.038844951533333325 0.038844951533333325
-1.6666666666666667 -0.19245008972987526 0.0766490163833331 0.0766490163833331
-1.6666666666666667 0.0 0.20319980865833312 0.20319980865833312
-1.6666666666666667 0.19245008972987526 0.07664868338333301 0.07664868338333301
-1.6666666666666667 0.3849001794597505 0.038845002033333374 0.038845002033333374
-1.6666666666666667 0.5773502691896257 0.04498656800833327 0.04498656800833327
-1.6666666666666667 0.769800358919501 0.0388449515333335 0.0388449515333335
-1.6666666666666667 0.9622504486493763 0.0766490163833334 0.0766490163833334
-1.6666666666666667 1.1547005383792515 0.20319980865833306 0.20319980865833306
-1.6666666666666667 1.3471506281091268 0.0766486833833332 0.0766486833833332
-1.6666666666666667 1.539600717839002 0.03884500203333353 0.03884500203333353
-1.6666666666666667 1.7320508075688772 0.0449865680083333 0.0449865680083333
-1.6666666666666667 1.9245008972987525 0.038844951533333366 0.038844951533333366
-1.6666666666666667 2.116950987028628 0.07664901638333321 0.07664901638333321
-1.6666666666666667 2.309401076758503 0.20319980865833326 0.20319980865833326
-1.5 -2.309401076758503 0.06325805749999998 0.06325805749999998
-1.5 -2.116950987028628 0.051178174755806556 0.051178174755806556
-1.5 -1.9245008972987525 0.05117817475580631 0.05117817475580631
-1.5 -1.7320508075688772 0.0632580574999998 0.0632580574999998
-1.5 -1.539600717839002 0.051177665244193954 0.051177665244193954
-1.5 -1.3471506281091268 0.051177665244193773 0.051177665244193773
-1.5 -1.1547005383792515 0.0632580574999999 0.0632580574999999
-1.5 -0.9622504486493763 0.051178174755806355 0.051178174755806355
-1.5 -0.769800358919501 0.051178174755806445 0.051178174755806445
-1.5 -0.5773502691896257 0.06325805749999998 0.06325805749999998
-1.5 -0.3849001794597505 0.05117766524419377 0.05117766524419377
-1.5 -0.19245008972987526 0.05117766524419383 0.05117766524419383
-1.5 0.0 0.06325805750000016 0.06325805750000016
-1.5 0.19245008972987526 0.05117817475580634 0.05117817475580634
-1.5 0.3849001794597505 0.05117817475580636 0.05117817475580636
-1.5 0.5773502691896257 0.06325805749999996 0.06325805749999996
-1.5 0.769800358919501 0.05117766524419389 0.05117766524419389
-1.5 0.9622504486493763 0.051177665244193773 0.051177665244193773
-1.5 1.1547005383792515 0.06325805749999996 0.06325805749999996
-1.5 1.3471506281091268 0.051178174755806376 0.051178174755806376
-1.5 1.539600717839002 0.05117817475580643 0.05117817475580643
-1.5 1.7320508075688772 0.06325805749999977 0.06325805749999977
-1.5 1.9245008972987525 0.05117766524419372 0.05117766524419372
-1.5 2.116950987028628 0.05117766524419401 0.05117766524419401
-1.5 2.309401076758503 0.0632580575000001 0.0632580575000001
-1.3333333333333333 -2.309401076758503 0.04498656800833289 0.04498656800833289
-1.3333333333333333 -2.116950987028628 0.03884500203333343 0.03884500203333343
-1.3333333333333333 -1.9245008972987525 0.07664868338333315 0.07664868338333315
-1.3333333333333333 -1.7320508075688772 0.2031998086583332 0.2031998086583332
-1.3333333333333333 -1.539600717839002 0.07664901638333327 0.07664901638333327
-1.3333333333333333 -1.3471506281091268 0.03884495153333327 0.03884495153333327
-1.3333333333333333 -1.1547005383792515 0.04498656800833329 0.04498656800833329
-1.3333333333333333 -0.9622504486493763 0.03884500203333326 0.03884500203333326
-1.3333333333333333 -0.769800358919501 0.07664868338333336 0.07664868338333336
-1.3333333333333333 -0.5773502691896257 0.2031998086583334 0.2031998086583334
-1.3333333333333333 -0.3849001794597505 0.07664901638333335 0.07664901638333335
-1.3333333333333333 -0.19245008972987526 0.03884495153333336 0.03884495153333336
-1.3333333333333333 0.0 0.044986568008333304 0.044986568008333304
-1.3333333333333333 0.19245008972987526 0.03884500203333333 0.03884500203333333
-1.3333333333333333 0.3849001794597505 0.07664868338333321 0.07664868338333321
-1.3333333333333333 0.5773502691896257 0.20319980865833334 0.20319980865833334
-1.3333333333333333 0.769800358919501 0.07664901638333335 0.07664901638333335
-1.3333333333333333 0.9622504486493763 0.038844951533333325 0.038844951533333325
-1.3333333333333333 1.1547005383792515 0.04498656800833342 0.04498656800833342
-1.3333333333333333 1.3471506281091268 0.038845002033333305 0.038845002033333305
-1.3333333333333333 1.539600717839002 0.07664868338333318 0.07664868338333318
-1.3333333333333333 1.7320508075688772 0.20319980865833304 0.20319980865833304
-1.3333333333333333 1.9245008972987525 0.07664901638333305 0.07664901638333305
-1.3333333333333333 2.116950987028628 0.03884495153333348 0.03884495153333348
-1.3333333333333333 2.309401076758503 0.044986568008333144 0.044986568008333144
-1.1666666666666667 -2.309401076758503 0.04247055119697212 0.04247055119697212
-1.1666666666666667 -2.116950987028628 0.04222716874534455 0.04222716874534455
-1.1666666666666667 -1.9245008972987525 0.3377538612990298 0.3377538612990298
-1.1666666666666667 -1.7320508075688772 0.5952369388030275 0.5952369388030275
-1.1666666666666667 -1.539600717839002 0.33775386300465504 0.33775386300465504
-1.1666666666666667 -1.3471506281091268 0.042227436950969845 0.042227436950969845
-1.1666666666666667 -1.1547005383792515 0.04247055119697179 0.04247055119697179
-1.1666666666666667 -0.9622504486493763 0.04222716874534444 0.04222716874534444
-1.1666666666666667 -0.769800358919501 0.33775386129902957 0.33775386129902957
-1.1666666666666667 -0.5773502691896257 0.5952369388030277 0.5952369388030277
-1.1666666666666667 -0.3849001794597505 0.3377538630046547 0.3377538630046547
-1.1666666666666667 -0.19245008972987526 0.04222743695096996 0.04222743695096996
-1.1666666666666667 0.0 0.042470551196972094 0.042470551196972094
-1.1666666666666667 0.19245008972987526 0.04222716874534453 0.04222716874534453
-1.1666666666666667 0.3849001794597505 0.3377538612990295 0.3377538612990295
-1.1666666666666667 0.5773502691896257 0.5952369388030277 0.5952369388030277
-1.1666666666666667 0.769800358919501 0.33775386300465465 0.33775386300465465
-1.1666666666666667 0.9622504486493763 0.04222743695096991 0.04222743695096991
-1.1666666666666667 1.1547005383792515 0.04247055119697187 0.04247055119697187
-1.1666666666666667 1.3471506281091268 0.042227168745344386 0.042227168745344386
-1.1666666666666667 1.539600717839002 0.33775386129902957 0.33775386129902957
-1.1666666666666667 1.7320508075688772 0.5952369388030273 0.5952369388030273
-1.1666666666666667 1.9245008972987525 0.33775386300465493 0.33775386300465493
-1.1666666666666667 2.116950987028628 0.04222743695096999 0.04222743695096999
-1.1666666666666667 2.309401076758503 0.042470551196972225 0.042470551196972225
-1.0 -2.309401076758503 0.03962933518333336 0.03962933518333336
-1.0 -2.116950987028628 0.04711806523333333 0.04711806523333333
-1.0 -1.9245008972987525 0.6742737114333335 0.6742737114333335
-1.0 -1.7320508075688772 0.7364426164833329 0.7364426164833329
-1.0 -1.539600717839002 0.6742737114333331 0.6742737114333331
-1.0 -1.3471506281091268 0.04711806523333309 0.04711806523333309
-1.0 -1.1547005383792515 0.03962933518333336 0.03962933518333336
-1.0 -0.9622504486493763 0.04711806523333328 0.04711806523333328
-1.0 -0.769800358919501 0.674273711433333 0.674273711433333
-1.0 -0.5773502691896257 0.7364426164833329 0.7364426164833329
-1.0 -0.3849001794597505 0.674273711433333 0.674273711433333
-1.0 -0.19245008972987526 0.04711806523333332 0.04711806523333332
-1.0 0.0 0.03962933518333336 0.03962933518333336
-1.0 0.19245008972987526 0.047118065233333305 0.047118065233333305
-1.0 0.3849001794597505 0.6742737114333328 0.6742737114333328
-1.0 0.5773502691896257 0.7364426164833329 0.7364426164833329
-1.0 0.769800358919501 0.6742737114333334 0.6742737114333334
-1.0 0.9622504486493763 0.04711806523333331 0.04711806523333331
-1.0 1.1547005383792515 0.03962933518333336 0.03962933518333336
-1.0 1.3471506281091268 0.04711806523333305 0.04711806523333305
-1.0 1.539600717839002 0.6742737114333329 0.6742737114333329
-1.0 1.7320508075688772 0.7364426164833329 0.7364426164833329
-1.0 1.9245008972987525 0.6742737114333336 0.6742737114333336
-1.0 2.116950987028628 0.047118065233333346 0.047118065233333346
-1.0 2.309401076758503 0.03962933518333336 0.03962933518333336
-0.8333333333333334 -2.309401076758503 0.04247055119697231 0.04247055119697231
-0.8333333333333334 -2.116950987028628 0.04222743695097008 0.04222743695097008
-0.8333333333333334 -1.9245008972987525 0.33775386300465493 0.33775386300465493
-0.8333333333333334 -1.7320508075688772 0.5952369388030276 0.5952369388030276
-0.8333333333333334 -1.539600717839002 0.3377538612990296 0.3377538612990296
-0.8333333333333334 -1.3471506281091268 0.04222716874534446 0.04222716874534446
-0.8333333333333334 -1.1547005383792515 0.042470551196972316 0.042470551196972316
-0.8333333333333334 -0.9622504486493763 0.04222743695097019 0.04222743695097019
-0.8333333333333334 -0.769800358919501 0.33775386300465476 0.33775386300465476
-0.8333333333333334 -0.5773502691896257 0.5952369388030279 0.5952369388030279
-0.8333333333333334 -0.3849001794597505 0.3377538612990296 0.3377538612990296
-0.8333333333333334 -0.19245008972987526 0.04222716874534464 0.04222716874534464
-0.8333333333333334 0.0 0.042470551196972114 0.042470551196972114
-0.8333333333333334 0.19245008972987526 0.042227436950970074 0.042227436950970074
-0.8333333333333334 0.3849001794597505 0.33775386300465476 0.33775386300465476
-0.8333333333333334 0.5773502691896257 0.595236938803028 0.595236938803028
-0.8333333333333334 0.769800358919501 0.3377538612990296 0.3377538612990296
-0.8333333333333334 0.9622504486493763 0.0422271687453447 0.0422271687453447
-0.8333333333333334 1.1547005383792515 0.042470551196972225 0.042470551196972225
-0.8333333333333334 1.3471506281091268 0.04222743695096989 0.04222743695096989
-0.8333333333333334 1.539600717839002 0.3377538630046549 0.3377538630046549
-0.8333333333333334 1.7320508075688772 0.5952369388030279 0.5952369388030279
-0.8333333333333334 1.9245008972987525 0.3377538612990298 0.3377538612990298
-0.8333333333333334 2.116950987028628 0.04222716874534458 0.04222716874534458
-0.8333333333333334 2.309401076758503 0.04247055119697226 0.04247055119697226
-0.6666666666666666 -2.309401076758503 0.04498656800833325 0.04498656800833325
-0.6666666666666666 -2.116950987028628 0.03884495153333328 0.03884495153333328
-0.6666666666666666 -1.9245008972987525 0.0766490163833331 0.0766490163833331
-0.6666666666666666 -1.7320508075688772 0.20319980865833293 0.20319980865833293
-0.6666666666666666 -1.539600717839002 0.07664868338333321 0.07664868338333321
-0.6666666666666666 -1.3471506281091268 0.03884500203333339 0.03884500203333339
-0.6666666666666666 -1.1547005383792515 0.04498656800833353 0.04498656800833353
-0.6666666666666666 -0.9622504486493763 0.03884495153333325 0.03884495153333325
-0.6666666666666666 -0.769800358919501 0.0766490163833332 0.0766490163833332
-0.6666666666666666 -0.5773502691896257 0.20319980865833298 0.20319980865833298
-0.6666666666666666 -0.3849001794597505 0.0766486833833331 0.0766486833833331
-0.6666666666666666 -0.19245008972987526 0.03884500203333336 0.03884500203333336
-0.6666666666666666 0.0 0.04498656800833343 0.04498656800833343
-0.6666666666666666 0.19245008972987526 0.03884495153333335 0.03884495153333335
-0.6666666666666666 0.3849001794597505 0.07664901638333314 0.07664901638333314
-0.6666666666666666 0.5773502691896257 0.20319980865833304 0.20319980865833304
-0.6666666666666666 0.769800358919501 0.0766486833833332 0.0766486833833332
-0.6666666666666666 0.9622504486493763 0.03884500203333322 0.03884500203333322
-0.6666666666666666 1.1547005383792515 0.04498656800833343 0.04498656800833343
-0.6666666666666666 1.3471506281091268 0.03884495153333338 0.03884495153333338
-0.6666666666666666 1.539600717839002 0.07664901638333321 0.07664901638333321
-0.6666666666666666 1.7320508075688772 0.20319980865833304 0.20319980865833304
-0.6666666666666666 1.9245008972987525 0.07664868338333317 0.07664868338333317
-0.6666666666666666 2.116950987028628 0.03884500203333321 0.03884500203333321
-0.6666666666666666 2.309401076758503 0.04498656800833303 0.04498656800833303
-0.5 -2.309401076758503 0.06325805749999998 0.06325805749999998
-0.5 -2.116950987028628 0.051177665244194016 0.051177665244194016
-0.5 -1.9245008972987525 0.05117766524419372 0.05117766524419372
-0.5 -1.7320508075688772 0.06325805749999999 0.06325805749999999
-0.5 -1.539600717839002 0.051178174755806424 0.051178174755806424
-0.5 -1.3471506281091268 0.05117817475580647 0.05117817475580647
-0.5 -1.1547005383792515 0.06325805750000006 0.06325805750000006
-0.5 -0.9622504486493763 0.05117766524419376 0.05117766524419376
-0.5 -0.769800358919501 0.051177665244193794 0.051177665244193794
-0.5 -0.5773502691896257 0.06325805750000016 0.06325805750000016
-0.5 -0.3849001794597505 0.05117817475580628 0.05117817475580628
-0.5 -0.19245008972987526 0.05117817475580625 0.05117817475580625
-0.5 0.0 0.06325805750000008 0.06325805750000008
-0.5 0.19245008972987526 0.05117766524419376 0.05117766524419376
-0.5 0.3849001794597505 0.05117766524419371 0.05117766524419371
-0.5 0.5773502691896257 0.06325805750000014 0.06325805750000014
-0.5 0.769800358919501 0.05117817475580632 0.05117817475580632
-0.5 0.9622504486493763 0.051178174755806244 0.051178174755806244
-0.5 1.1547005383792515 0.06325805750000003 0.06325805750000003
-0.5 1.3471506281091268 0.05117766524419384 0.05117766524419384
-0.5 1.539600717839002 0.05117766524419389 0.05117766524419389
-0.5 1.7320508075688772 0.06325805750000005 0.06325805750000005
-0.5 1.9245008972987525 0.051178174755806334 0.051178174755806334
-0.5 2.116950987028628 0.05117817475580649 0.05117817475580649
-0.5 2.309401076758503 0.06325805750000003 0.06325805750000003
-0.3333333333333333 -2.309401076758503 0.20319980865833343 0.20319980865833343
-0.3333333333333333 -2.116950987028628 0.07664901638333327 0.07664901638333327
-0.3333333333333333 -1.9245008972987525 0.0388449515333334 0.0388449515333334
-0.3333333333333333 -1.7320508075688772 0.04498656800833342 0.04498656800833342
-0.3333333333333333 -1.539600717839002 0.0388450020333335 0.0388450020333335
-0.3333333333333333 -1.3471506281091268 0.07664868338333317 0.07664868338333317
-0.3333333333333333 -1.1547005383792515 0.20319980865833323 0.20319980865833323
-0.3333333333333333 -0.9622504486493763 0.07664901638333332 0.07664901638333332
-0.3333333333333333 -0.769800358919501 0.038844951533333345 0.038844951533333345
-0.3333333333333333 -0.5773502691896257 0.04498656800833321 0.04498656800833321
-0.3333333333333333 -0.3849001794597505 0.03884500203333333 0.03884500203333333
-0.3333333333333333 -0.19245008972987526 0.07664868338333318 0.07664868338333318
-0.3333333333333333 0.0 0.20319980865833312 0.20319980865833312
-0.3333333333333333 0.19245008972987526 0.07664901638333319 0.07664901638333319
-0.3333333333333333 0.3849001794597505 0.038844951533333366 0.038844951533333366
-0.3333333333333333 0.5773502691896257 0.04498656800833329 0.04498656800833329
-0.3333333333333333 0.769800358919501 0.03884500203333332 0.03884500203333332
-0.3333333333333333 0.9622504486493763 0.07664868338333324 0.07664868338333324
-0.3333333333333333 1.1547005383792515 0.2031998086583331 0.2031998086583331
-0.3333333333333333 1.3471506281091268 0.0766490163833331 0.0766490163833331
-0.3333333333333333 1.539600717839002 0.038844951533333484 0.038844951533333484
-0.3333333333333333 1.7320508075688772 0.04498656800833356 0.04498656800833356
-0.3333333333333333 1.9245008972987525 0.03884500203333336 0.03884500203333336
-0.3333333333333333 2.116950987028628 0.07664868338333325 0.07664868338333325
-0.3333333333333333 2.309401076758503 0.20319980865833323 0.20319980865833323
-0.16666666666666666 -2.309401076758503 0.5952369388030276 0.5952369388030276
-0.16666666666666666 -2.116950987028628 0.3377538630046546 0.3377538630046546
-0.16666666666666666 -1.9245008972987525 0.04222743695097011 0.04222743695097011
-0.16666666666666666 -1.7320508075688772 0.04247055119697205 0.04247055119697205
-0.16666666666666666 -1.539600717839002 0.04222716874534445 0.04222716874534445
-0.16666666666666666 -1.3471506281091268 0.33775386129902985 0.33775386129902985
-0.16666666666666666 -1.1547005383792515 0.5952369388030281 0.5952369388030281
-0.16666666666666666 -0.9622504486493763 0.3377538630046548 0.3377538630046548
-0.16666666666666666 -0.769800358919501 0.04222743695097006 0.04222743695097006
-0.16666666666666666 -0.5773502691896257 0.042470551196972156 0.042470551196972156
-0.16666666666666666 -0.3849001794597505 0.04222716874534455 0.04222716874534455
-0.16666666666666666 -0.19245008972987526 0.3377538612990297 0.3377538612990297
-0.16666666666666666 0.0 0.595236938803028 0.595236938803028
-0.16666666666666666 0.19245008972987526 0.3377538630046549 0.3377538630046549
-0.16666666666666666 0.3849001794597505 0.042227436950970025 0.042227436950970025
-0.16666666666666666 0.5773502691896257 0.04247055119697218 0.04247055119697218
-0.16666666666666666 0.769800358919501 0.042227168745344656 0.042227168745344656
-0.16666666666666666 0.9622504486493763 0.3377538612990296 0.3377538612990296
-0.16666666666666666 1.1547005383792515 0.5952369388030276 0.5952369388030276
-0.16666666666666666 1.3471506281091268 0.33775386300465493 0.33775386300465493
-0.16666666666666666 1.539600717839002 0.04222743695096997 0.04222743695096997
-0.16666666666666666 1.7320508075688772 0.04247055119697209 0.04247055119697209
-0.16666666666666666 1.9245008972987525 0.04222716874534485 0.04222716874534485
-0.16666666666666666 2.116950987028628 0.3377538612990293 0.3377538612990293
-0.16666666666666666 2.309401076758503 0.5952369388030274 0.5952369388030274
0.0 -2.309401076758503 0.7364426164833329 0.7364426164833329
0.0 -2.116950987028628 0.674273711433333 0.674273711433333
0.0 -1.9245008972987525 0.04711806523333351 0.04711806523333351
0.0 -1.7320508075688772 0.03962933518333336 0.03962933518333336
0.0 -1.539600717839002 0.04711806523333319 0.04711806523333319
0.0 -1.3471506281091268 0.6742737114333336 0.6742737114333336
0.0 -1.1547005383792515 0.7364426164833329 0.7364426164833329
0.0 -0.9622504486493763 0.6742737114333334 0.6742737114333334
0.0 -0.769800358919501 0.047118065233333346 0.047118065233333346
0.0 -0.5773502691896257 0.03962933518333336 0.03962933518333336
0.0 -0.3849001794597505 0.047118065233333284 0.047118065233333284
0.0 -0.19245008972987526 0.6742737114333331 0.6742737114333331
0.0 0.0 0.7364426164833329 0.7364426164833329
0.0 0.19245008972987526 0.6742737114333331 0.6742737114333331
0.0 0.3849001794597505 0.047118065233333284 0.047118065233333284
0.0 0.5773502691896257 0.03962933518333336 0.03962933518333336
0.0 0.769800358919501 0.047118065233333346 0.047118065233333346
0.0 0.9622504486493763 0.6742737114333334 0.6742737114333334
0.0 1.1547005383792515 0.7364426164833329 0.7364426164833329
0.0 1.3471506281091268 0.6742737114333336 0.6742737114333336
0.0 1.539600717839002 0.04711806523333319 0.04711806523333319
0.0 1.7320508075688772 0.03962933518333336 0.03962933518333336
0.0 1.9245008972987525 0.04711806523333351 0.04711806523333351
0.0 2.116950987028628 0.674273711433333 0.674273711433333
0.0 2.309401076758503 0.7364426164833329 0.7364426164833329
0.16666666666666666 -2.309401076758503 0.5952369388030274 0.5952369388030274
0.16666666666666666 -2.116950987028628 0.3377538612990293 0.3377538612990293
0.16666666666666666 -1.9245008972987525 0.04222716874534485 0.04222716874534485
0.16666666666666666 -1.7320508075688772 0.04247055119697209 0.04247055119697209
0.16666666666666666 -1.539600717839002 0.04222743695096997 0.04222743695096997
0.16666666666666666 -1.3471506281091268 0.33775386300465493 0.33775386300465493
0.16666666666666666 -1.1547005383792515 0.5952369388030276 0.5952369388030276
0.16666666666666666 -0.9622504486493763 0.3377538612990296 0.3377538612990296
0.16666666666666666 -0.769800358919501 0.042227168745344656 0.042227168745344656
0.16666666666666666 -0.5773502691896257 0.04247055119697218 0.04247055119697218
0.16666666666666666 -0.3849001794597505 0.042227436950970025 0.042227436950970025
0.16666666666666666 -0.19245008972987526 0.3377538630046549 0.3377538630046549
0.16666666666666666 0.0 0.595236938803028 0.595236938803028
0.16666666666666666 0.19245008972987526 0.3377538612990297 0.3377538612990297
0.16666666666666666 0.3849001794597505 0.04222716874534455 0.04222716874534455
0.16666666666666666 0.5773502691896257 0.042470551196972156 0.042470551196972156
0.16666666666666666 0.769800358919501 0.04222743695097006 0.04222743695097006
0.16666666666666666 0.9622504486493763 0.3377538630046548 0.3377538630046548
0.16666666666666666 1.1547005383792515 0.5952369388030281 0.5952369388030281
0.16666666666666666 1.3471506281091268 0.33775386129902985 0.33775386129902985
0.16666666666666666 1.539600717839002 0.04222716874534445 0.04222716874534445
0.16666666666666666 1.7320508075688772 0.04247055119697205 0.04247055119697205
0.16666666666666666 1.9245008972987525 0.04222743695097011 0.04222743695097011
0.16666666666666666 2.116950987028628 0.3377538630046546 0.3377538630046546
0.16666666666666666 2.309401076758503 0.5952369388030276 0.5952369388030276
0.3333333333333333 -2.309401076758503 0.20319980865833323 0.20319980865833323
0.3333333333333333 -2.116950987028628 0.07664868338333325 0.07664868338333325
0.3333333333333333 -1.9245008972987525 0.03884500203333336 0.03884500203333336
0.3333333333333333 -1.7320508075688772 0.04498656800833356 0.04498656800833356
0.3333333333333333 -1.539600717839002 0.038844951533333484 0.038844951533333484
0.3333333333333333 -1.3471506281091268 0.0766490163833331 0.0766490163833331
0.3333333333333333 -1.1547005383792515 0.2031998086583331 0.2031998086583331
0.3333333333333333 -0.9622504486493763 0.07664868338333324 0.07664868338333324
0.3333333333333333 -0.769800358919501 0.03884500203333332 0.03884500203333332
0.3333333333333333 -0.5773502691896257 0.04498656800833329 0.04498656800833329
0.3333333333333333 -0.3849001794597505 0.038844951533333366 0.038844951533333366
0.3333333333333333 -0.19245008972987526 0.07664901638333319 0.07664901638333319
0.3333333333333333 0.0 0.20319980865833312 0.20319980865833312
0.3333333333333333 0.19245008972987526 0.07664868338333318 0.07664868338333318
0.3333333333333333 0.3849001794597505 0.03884500203333333 0.03884500203333333
0.3333333333333333 0.5773502691896257 0.04498656800833321 0.04498656800833321
0.3333333333333333 0.769800358919501 0.038844951533333345 0.038844951533333345
0.3333333333333333 0.9622504486493763 0.07664901638333332 0.07664901638333332
0.3333333333333333 1.1547005383792515 0.20319980865833323 0.20319980865833323
0.3333333333333333 1.3471506281091268 0.07664868338333317 0.07664868338333317
0.3333333333333333 1.539600717839002 0.0388450020333335 0.0388450020333335
0.3333333333333333 1.7320508075688772 0.04498656800833342 0.04498656800833342
0.3333333333333333 1.9245008972987525 0.0388449515333334 0.0388449515333334
0.3333333333333333 2.116950987028628 0.07664901638333327 0.07664901638333327
0.3333333333333333 2.309401076758503 0.20319980865833343 0.20319980865833343
0.5 -2.309401076758503 0.06325805750000003 0.06325805750000003
0.5 -2.116950987028628 0.05117817475580649 0.05117817475580649
0.5 -1.9245008972987525 0.051178174755806334 0.051178174755806334
0.5 -1.7320508075688772 0.06325805750000005 0.06325805750000005
0.5 -1.539600717839002 0.05117766524419389 0.05117766524419389
0.5 -1.3471506281091268 0.05117766524419384 0.05117766524419384
0.5 -1.1547005383792515 0.06325805750000003 0.06325805750000003
0.5 -0.9622504486493763 0.051178174755806244 0.051178174755806244
0.5 -0.769800358919501 0.05117817475580632 0.05117817475580632
0.5 -0.5773502691896257 0.06325805750000014 0.06325805750000014
0.5 -0.3849001794597505 0.05117766524419371 0.05117766524419371
0.5 -0.19245008972987526 0.05117766524419376 0.05117766524419376
0.5 0.0 0.06325805750000008 0.06325805750000008
0.5 0.19245008972987526 0.05117817475580625 0.05117817475580625
0.5 0.3849001794597505 0.05117817475580628 0.05117817475580628
0.5 0.5773502691896257 0.06325805750000016 0.06325805750000016
0.5 0.769800358919501 0.051177665244193794 0.051177665244193794
0.5 0.9622504486493763 0.05117766524419376 0.05117766524419376
0.5 1.1547005383792515 0.06325805750000006 0.06325805750000006
0.5 1.3471506281091268 0.05117817475580647 0.05117817475580647
0.5 1.539600717839002 0.051178174755806424 0.051178174755806424
0.5 1.7320508075688772 0.06325805749999999 0.06325805749999999
0.5 1.9245008972987525 0.05117766524419372 0.05117766524419372
0.5 2.116950987028628 0.051177665244194016 0.051177665244194016
0.5 2.309401076758503 0.06325805749999998 0.06325805749999998
0.6666666666666666 -2.309401076758503 0.04498656800833303 0.04498656800833303
0.6666666666666666 -2.116950987028628 0.03884500203333321 0.03884500203333321
0.6666666666666666 -1.9245008972987525 0.07664868338333317 0.07664868338333317
0.6666666666666666 -1.7320508075688772 0.20319980865833304 0.20319980865833304
0.6666666666666666 -1.539600717839002 0.07664901638333321 0.07664901638333321
0.6666666666666666 -1.3471506281091268 0.03884495153333338 0.03884495153333338
0.6666666666666666 -1.1547005383792515 0.04498656800833343 0.04498656800833343
0.6666666666666666 -0.9622504486493763 0.03884500203333322 0.03884500203333322
0.6666666666666666 -0.769800358919501 0.0766486833833332 0.0766486833833332
0.6666666666666666 -0.5773502691896257 0.20319980865833304 0.20319980865833304
0.6666666666666666 -0.3849001794597505 0.07664901638333314 0.07664901638333314
0.6666666666666666 -0.19245008972987526 0.03884495153333335 0.03884495153333335
0.6666666666666666 0.0 0.04498656800833343 0.04498656800833343
0.6666666666666666 0.19245008972987526 0.03884500203333336 0.03884500203333336
0.6666666666666666 0.3849001794597505 0.0766486833833331 0.0766486833833331
0.6666666666666666 0.5773502691896257 0.20319980865833298 0.20319980865833298
0.6666666666666666 0.769800358919501 0.0766490163833332 0.0766490163833332
0.6666666666666666 0.9622504486493763 0.03884495153333325 0.03884495153333325
0.6666666666666666 1.1547005383792515 0.04498656800833353 0.04498656800833353
0.6666666666666666 1.3471506281091268 0.03884500203333339 0.03884500203333339
0.6666666666666666 1.539600717839002 0.07664868338333321 0.07664868338333321
0.6666666666666666 1.7320508075688772 0.20319980865833293 0.20319980865833293
0.6666666666666666 1.9245008972987525 0.0766490163833331 0.0766490163833331
0.6666666666666666 2.116950987028628 0.03884495153333328 0.03884495153333328
0.6666666666666666 2.309401076758503 0.04498656800833325 0.04498656800833325
0.8333333333333334 -2.309401076758503 0.04247055119697226 0.04247055119697226
0.8333333333333334 -2.116950987028628 0.04222716874534458 0.04222716874534458
0.8333333333333334 -1.9245008972987525 0.3377538612990298 0.3377538612990298
0.8333333333333334 -1.7320508075688772 0.5952369388030279 0.5952369388030279
0.8333333333333334 -1.539600717839002 0.3377538630046549 0.3377538630046549
0.8333333333333334 -1.3471506281091268 0.04222743695096989 0.04222743695096989
0.8333333333333334 -1.1547005383792515 0.042470551196972225 0.042470551196972225
0.8333333333333334 -0.9622504486493763 0.0422271687453447 0.0422271687453447
0.8333333333333334 -0.769800358919501 0.3377538612990296 0.3377538612990296
0.8333333333333334 -0.5773502691896257 0.595236938803028 0.595236938803028
0.8333333333333334 -0.3849001794597505 0.33775386300465476 0.33775386300465476
0.8333333333333334 -0.19245008972987526 0.042227436950970074 0.042227436950970074
0.8333333333333334 0.0 0.042470551196972114 0.042470551196972114
0.8333333333333334 0.19245008972987526 0.04222716874534464 0.04222716874534464
0.8333333333333334 0.3849001794597505 0.3377538612990296 0.3377538612990296
0.8333333333333334 0.5773502691896257 0.5952369388030279 0.5952369388030279
0.8333333333333334 0.769800358919501 0.33775386300465476 0.33775386300465476
0.8333333333333334 0.9622504486493763 0.04222743695097019 0.04222743695097019
0.8333333333333334 1.1547005383792515 0.042470551196972316 0.042470551196972316
0.8333333333333334 1.3471506281091268 0.04222716874534446 0.04222716874534446
0.8333333333333334 1.539600717839002 0.3377538612990296 0.3377538612990296
0.8333333333333334 1.7320508075688772 0.5952369388030276 0.5952369388030276
0.8333333333333334 1.9245008972987525 0.33775386300465493 0.33775386300465493
0.8333333333333334 2.116950987028628 0.04222743695097008 0.04222743695097008
0.8333333333333334 2.309401076758503 0.04247055119697231 0.04247055119697231
1.0 -2.309401076758503 0.03962933518333336 0.03962933518333336
1.0 -2.116950987028628 0.047118065233333346 0.047118065233333346
1.0 -1.9245008972987525 0.6742737114333336 0.6742737114333336
1.0 -1.7320508075688772 0.7364426164833329 0.7364426164833329
1.0 -1.539600717839002 0.6742737114333329 0.6742737114333329
1.0 -1.3471506281091268 0.04711806523333305 0.04711806523333305
1.0 -1.1547005383792515 0.03962933518333336 0.03962933518333336
1.0 -0.9622504486493763 0.04711806523333331 0.04711806523333331
1.0 -0.769800358919501 0.6742737114333334 0.6742737114333334
1.0 -0.5773502691896257 0.7364426164833329 0.7364426164833329
1.0 -0.3849001794597505 0.6742737114333328 0.6742737114333328
1.0 -0.19245008972987526 0.047118065233333305 0.047118065233333305
1.0 0.0 0.03962933518333336 0.03962933518333336
1.0 0.19245008972987526 0.04711806523333332 0.04711806523333332
1.0 0.3849001794597505 0.674273711433333 0.674273711433333
1.0 0.5773502691896257 0.7364426164833329 0.7364426164833329
1.0 0.769800358919501 0.674273711433333 0.674273711433333
1.0 0.9622504486493763 0.04711806523333328 0.04711806523333328
1.0 1.1547005383792515 0.03962933518333336 0.03962933518333336
1.0 1.3471506281091268 0.04711806523333309 0.04711806523333309
1.0 1.539600717839002 0.6742737114333331 0.6742737114333331
1.0 1.7320508075688772 0.7364426164833329 0.7364426164833329
1.0 1.9245008972987525 0.6742737114333335 0.6742737114333335
1.0 2.116950987028628 0.04711806523333333 0.04711806523333333
1.0 2.309401076758503 0.03962933518333336 0.03962933518333336
1.1666666666666667 -2.309401076758503 0.042470551196972225 0.042470551196972225
1.1666666666666667 -2.116950987028628 0.04222743695096999 0.04222743695096999
1.1666666666666667 -1.9245008972987525 0.33775386300465493 0.33775386300465493
1.1666666666666667 -1.7320508075688772 0.5952369388030273 0.5952369388030273
1.1666666666666667 -1.539600717839002 0.33775386129902957 0.33775386129902957
1.1666666666666667 -1.3471506281091268 0.042227168745344386 0.042227168745344386
1.1666666666666667 -1.1547005383792515 0.04247055119697187 0.04247055119697187
1.1666666666666667 -0.9622504486493763 0.04222743695096991 0.04222743695096991
1.1666666666666667 -0.769800358919501 0.33775386300465465 0.33775386300465465
1.1666666666666667 -0.5773502691896257 0.5952369388030277 0.5952369388030277
1.1666666666666667 -0.3849001794597505 0.3377538612990295 0.3377538612990295
1.1666666666666667 -0.19245008972987526 0.04222716874534453 0.04222716874534453
1.1666666666666667 0.0 0.042470551196972094 0.042470551196972094
1.1666666666666667 0.19245008972987526 0.04222743695096996 0.04222743695096996
1.1666666666666667 0.3849001794597505 0.3377538630046547 0.3377538630046547
1.1666666666666667 0.5773502691896257 0.5952369388030277 0.5952369388030277
1.1666666666666667 0.769800358919501 0.33775386129902957 0.33775386129902957
1.1666666666666667 0.9622504486493763 0.04222716874534444 0.04222716874534444
1.1666666666666667 1.1547005383792515 0.04247055119697179 0.04247055119697179
1.1666666666666667 1.3471506281091268 0.042227436950969845 0.042227436950969845
1.1666666666666667 1.539600717839002 0.33775386300465504 0.33775386300465504
1.1666666666666667 1.7320508075688772 0.5952369388030275 0.5952369388030275
1.1666666666666667 1.9245008972987525 0.3377538612990298 0.3377538612990298
1.1666666666666667 2.116950987028628 0.04222716874534455 0.04222716874534455
1.1666666666666667 2.309401076758503 0.04247055119697212 0.04247055119697212
1.3333333333333333 -2.309401076758503 0.044986568008333144 0.044986568008333144
1.3333333333333333 -2.116950987028628 0.03884495153333348 0.03884495153333348
1.3333333333333333 -1.9245008972987525 0.07664901638333305 0.07664901638333305
1.3333333333333333 -1.7320508075688772 0.20319980865833304 0.20319980865833304
1.3333333333333333 -1.539600717839002 0.07664868338333318 0.07664868338333318
1.3333333333333333 -1.3471506281091268 0.038845002033333305 0.038845002033333305
1.3333333333333333 -1.1547005383792515 0.04498656800833342 0.04498656800833342
1.3333333333333333 -0.9622504486493763 0.038844951533333325 0.038844951533333325
1.3333333333333333 -0.769800358919501 0.07664901638333335 0.07664901638333335
1.3333333333333333 -0.5773502691896257 0.20319980865833334 0.20319980865833334
1.3333333333333333 -0.3849001794597505 0.07664868338333321 0.07664868338333321
1.3333333333333333 -0.19245008972987526 0.03884500203333333 0.03884500203333333
1.3333333333333333 0.0 0.044986568008333304 0.044986568008333304
1.3333333333333333 0.19245008972987526 0.03884495153333336 0.03884495153333336
1.3333333333333333 0.3849001794597505 0.07664901638333335 0.07664901638333335
1.3333333333333333 0.5773502691896257 0.2031998086583334 0.2031998086583334
1.3333333333333333 0.769800358919501 0.07664868338333336 0.07664868338333336
1.3333333333333333 0.9622504486493763 0.03884500203333326 0.03884500203333326
1.3333333333333333 1.1547005383792515 0.04498656800833329 0.04498656800833329
1.3333333333333333 1.3471506281091268 0.03884495153333327 0.03884495153333327
1.3333333333333333 1.539600717839002 0.07664901638333327 0.07664901638333327
1.3333333333333333 1.7320508075688772 0.2031998086583332 0.2031998086583332
1.3333333333333333 1.9245008972987525 0.07664868338333315 0.07664868338333315
1.3333333333333333 2.116950987028628 0.03884500203333343 0.03884500203333343
1.3333333333333333 2.309401076758503 0.04498656800833289 0.04498656800833289
1.5 -2.309401076758503 0.0632580575000001 0.0632580575000001
1.5 -2.116950987028628 0.05117766524419401 0.05117766524419401
1.5 -1.9245008972987525 0.05117766524419372 0.05117766524419372
1.5 -1.7320508075688772 0.06325805749999977 0.06325805749999977
1.5 -1.539600717839002 0.05117817475580643 0.05117817475580643
1.5 -1.3471506281091268 0.051178174755806376 0.051178174755806376
1.5 -1.1547005383792515 0.06325805749999996 0.06325805749999996
1.5 -0.9622504486493763 0.051177665244193773 0.051177665244193773
1.5 -0.769800358919501 0.05117766524419389 0.05117766524419389
1.5 -0.5773502691896257 0.06325805749999996 0.06325805749999996
1.5 -0.3849001794597505 0.05117817475580636 0.05117817475580636
1.5 -0.19245008972987526 0.05117817475580634 0.05117817475580634
1.5 0.0 0.06325805750000016 0.06325805750000016
1.5 0.19245008972987526 0.05117766524419383 0.05117766524419383
1.5 0.3849001794597505 0.05117766524419377 0.05117766524419377
1.5 0.5773502691896257 0.06325805749999998 0.06325805749999998
1.5 0.769800358919501 0.051178174755806445 0.051178174755806445
1.5 0.9622504486493763 0.051178174755806355 0.051178174755806355
1.5 1.1547005383792515 0.0632580574999999 0.0632580574999999
1.5 1.3471506281091268 0.051177665244193773 0.051177665244193773
1.5 1.539600717839002 0.051177665244193954 0.051177665244193954
1.5 1.7320508075688772 0.0632580574999998 0.0632580574999998
1.5 1.9245008972987525 0.05117817475580631 0.05117817475580631
1.5 2.116950987028628 0.051178174755806556 0.051178174755806556
1.5 2.309401076758503 0.06325805749999998 0.06325805749999998
1.6666666666666667 -2.309401076758503 0.20319980865833326 0.20319980865833326
1.6666666666666667 -2.116950987028628 0.07664901638333321 0.07664901638333321
1.6666666666666667 -1.9245008972987525 0.038844951533333366 0.038844951533333366
1.6666666666666667 -1.7320508075688772 0.0449865680083333 0.0449865680083333
1.6666666666666667 -1.539600717839002 0.03884500203333353 0.03884500203333353
1.6666666666666667 -1.3471506281091268 0.0766486833833332 0.0766486833833332
1.6666666666666667 -1.1547005383792515 0.20319980865833306 0.20319980865833306
1.6666666666666667 -0.9622504486493763 0.0766490163833334 0.0766490163833334
1.6666666666666667 -0.769800358919501 0.0388449515333335 0.0388449515333335
1.6666666666666667 -0.5773502691896257 0.04498656800833327 0.04498656800833327
1.6666666666666667 -0.3849001794597505 0.038845002033333374 0.038845002033333374
1.6666666666666667 -0.19245008972987526 0.07664868338333301 0.07664868338333301
1.6666666666666667 0.0 0.20319980865833312 0.20319980865833312
1.6666666666666667 0.19245008972987526 0.0766490163833331 0.0766490163833331
1.6666666666666667 0.3849001794597505 0.038844951533333325 0.038844951533333325
1.6666666666666667 0.5773502691896257 0.04498656800833333 0.04498656800833333
1.6666666666666667 0.769800358919501 0.038845002033333485 0.038845002033333485
1.6666666666666667 0.9622504486493763 0.07664868338333336 0.07664868338333336
1.6666666666666667 1.1547005383792515 0.203199808658333 0.203199808658333
1.6666666666666667 1.3471506281091268 0.07664901638333317 0.07664901638333317
1.6666666666666667 1.539600717839002 0.03884495153333351 0.03884495153333351
1.6666666666666667 1.7320508075688772 0.04498656800833345 0.04498656800833345
1.6666666666666667 1.9245008972987525 0.03884500203333325 0.03884500203333325
1.6666666666666667 2.116950987028628 0.07664868338333315 0.07664868338333315
1.6666666666666667 2.309401076758503 0.20319980865833293 0.20319980865833293
1.8333333333333333 -2.309401076758503 0.5952369388030277 0.5952369388030277
1.8333333333333333 -2.116950987028628 0.33775386300465454 0.33775386300465454
1.8333333333333333 -1.9245008972987525 0.04222743695096995 0.04222743695096995
1.8333333333333333 -1.7320508075688772 0.04247055119697199 0.04247055119697199
1.8333333333333333 -1.539600717839002 0.04222716874534437 0.04222716874534437
1.8333333333333333 -1.3471506281091268 0.33775386129902957 0.33775386129902957
1.8333333333333333 -1.1547005383792515 0.595236938803028 0.595236938803028
1.8333333333333333 -0.9622504486493763 0.33775386300465426 0.33775386300465426
1.8333333333333333 -0.769800358919501 0.04222743695096983 0.04222743695096983
1.8333333333333333 -0.5773502691896257 0.04247055119697202 0.04247055119697202
1.8333333333333333 -0.3849001794597505 0.042227168745344386 0.042227168745344386
1.8333333333333333 -0.19245008972987526 0.33775386129902946 0.33775386129902946
1.8333333333333333 0.0 0.5952369388030275 0.5952369388030275
1.8333333333333333 0.19245008972987526 0.33775386300465454 0.33775386300465454
1.8333333333333333 0.3849001794597505 0.04222743695096987 0.04222743695096987
1.8333333333333333 0.5773502691896257 0.04247055119697201 0.04247055119697201
1.8333333333333333 0.769800358919501 0.04222716874534439 0.04222716874534439
1.8333333333333333 0.9622504486493763 0.3377538612990291 0.3377538612990291
1.8333333333333333 1.1547005383792515 0.5952369388030275 0.5952369388030275
1.8333333333333333 1.3471506281091268 0.33775386300465476 0.33775386300465476
1.8333333333333333 1.539600717839002 0.04222743695096992 0.04222743695096992
1.8333333333333333 1.7320508075688772 0.04247055119697205 0.04247055119697205
1.8333333333333333 1.9245008972987525 0.04222716874534469 0.04222716874534469
1.8333333333333333 2.116950987028628 0.3377538612990292 0.3377538612990292
1.8333333333333333 2.309401076758503 0.5952369388030273 0.5952369388030273
2.0 -2.309401076758503 0.7364426164833329 0.7364426164833329
2.0 -2.116950987028628 0.6742737114333327 0.6742737114333327
2.0 -1.9245008972987525 0.04711806523333324 0.04711806523333324
2.0 -1.7320508075688772 0.03962933518333336 0.03962933518333336
2.0 -1.539600717839002 0.04711806523333328 0.04711806523333328
2.0 -1.3471506281091268 0.6742737114333338 0.6742737114333338
2.0 -1.1547005383792515 0.7364426164833329 0.7364426164833329
2.0 -0.9622504486493763 0.674273711433333 0.674273711433333
2.0 -0.769800358919501 0.04711806523333335 0.04711806523333335
2.0 -0.5773502691896257 0.03962933518333336 0.03962933518333336
2.0 -0.3849001794597505 0.04711806523333323 0.04711806523333323
2.0 -0.19245008972987526 0.6742737114333331 0.6742737114333331
2.0 0.0 0.7364426164833329 0.7364426164833329
2.0 0.19245008972987526 0.6742737114333331 0.6742737114333331
2.0 0.3849001794597505 0.04711806523333324 0.04711806523333324
2.0 0.5773502691896257 0.03962933518333336 0.03962933518333336
2.0 0.769800358919501 0.0471180652333334 0.0471180652333334
2.0 0.9622504486493763 0.674273711433333 0.674273711433333
2.0 1.1547005383792515 0.7364426164833329 0.7364426164833329
2.0 1.3471506281091268 0.6742737114333335 0.6742737114333335
2.0 1.539600717839002 0.04711806523333325 0.04711806523333325
2.0 1.7320508075688772 0.03962933518333336 0.03962933518333336
2.0 1.9245008972987525 0.04711806523333328 0.04711806523333328
2.0 2.116950987028628 0.6742737114333325 0.6742737114333325
2.0 2.309401076758503 0.7364426164833329 0.7364426164833329
