-2.0 -2.309401076758503 0.5552531860833333 0.5551058845000002
-2.0 -2.116950987028628 0.5586053985416674 0.5584347473750005
-2.0 -1.9245008972987525 0.4921641749583335 0.491959480875
-2.0 -1.7320508075688772 0.3134923404166668 0.3133869369999999
-2.0 -1.539600717839002 0.4921641749583332 0.4919594808750003
-2.0 -1.3471506281091268 0.5586053985416669 0.558434747375001
-2.0 -1.1547005383792515 0.5552531860833333 0.5551058845000002
-2.0 -0.9622504486493763 0.5586053985416674 0.5584347473750007
-2.0 -0.769800358919501 0.49216417495833314 0.4919594808750002
-2.0 -0.5773502691896257 0.3134923404166668 0.3133869369999999
-2.0 -0.3849001794597505 0.49216417495833303 0.49195948087500024
-2.0 -0.19245008972987526 0.5586053985416672 0.5584347473750007
-2.0 0.0 0.5552531860833333 0.5551058845000002
-2.0 0.19245008972987526 0.5586053985416671 0.5584347473750005
-2.0 0.3849001794597505 0.4921641749583331 0.49195948087500024
-2.0 0.5773502691896257 0.3134923404166668 0.3133869369999999
-2.0 0.769800358919501 0.49216417495833326 0.491959480875
-2.0 0.9622504486493763 0.5586053985416672 0.5584347473750008
-2.0 1.1547005383792515 0.5552531860833333 0.5551058845000002
-2.0 1.3471506281091268 0.558605398541667 0.5584347473750008
-2.0 1.539600717839002 0.49216417495833314 0.49195948087500035
-2.0 1.7320508075688772 0.3134923404166668 0.3133869369999999
-2.0 1.9245008972987525 0.4921641749583333 0.4919594808749999
-2.0 2.116950987028628 0.5586053985416672 0.5584347473750009
-2.0 2.309401076758503 0.5552531860833333 0.5551058845000002
-1.8333333333333333 -2.309401076758503 0.5491420380758196 0.5489872891270496
-1.8333333333333333 -2.116950987028628 0.5496483419588929 0.5494712907338568
-1.8333333333333333 -1.9245008972987525 0.4375814743220633 0.4373605366271839
-1.8333333333333333 -1.7320508075688772 0.2860750451741806 0.28599908620628395
-1.8333333333333333 -1.539600717839002 0.4376405147911069 0.43741990984947604
-1.8333333333333333 -1.3471506281091268 0.5496355196779361 0.5494582094561485
-1.8333333333333333 -1.1547005383792515 0.5491420380758195 0.5489872891270496
-1.8333333333333333 -0.9622504486493763 0.549648341958893 0.5494712907338568
-1.8333333333333333 -0.769800358919501 0.437581474322063 0.43736053662718377
-1.8333333333333333 -0.5773502691896257 0.2860750451741806 0.28599908620628395
-1.8333333333333333 -0.3849001794597505 0.4376405147911067 0.437419909849476
-1.8333333333333333 -0.19245008972987526 0.5496355196779368 0.5494582094561484
-1.8333333333333333 0.0 0.5491420380758194 0.5489872891270493
-1.8333333333333333 0.19245008972987526 0.5496483419588932 0.5494712907338569
-1.8333333333333333 0.3849001794597505 0.43758147432206296 0.43736053662718366
-1.8333333333333333 0.5773502691896257 0.28607504517418053 0.2859990862062838
-1.8333333333333333 0.769800358919501 0.43764051479110655 0.437419909849476
-1.8333333333333333 0.9622504486493763 0.5496355196779368 0.5494582094561485
-1.8333333333333333 1.1547005383792515 0.5491420380758192 0.5489872891270492
-1.8333333333333333 1.3471506281091268 0.5496483419588932 0.5494712907338569
-1.8333333333333333 1.539600717839002 0.43758147432206307 0.43736053662718366
-1.8333333333333333 1.7320508075688772 0.2860750451741805 0.2859990862062838
-1.8333333333333333 1.9245008972987525 0.43764051479110677 0.4374199098494763
-1.8333333333333333 2.116950987028628 0.5496355196779366 0.5494582094561486
-1.8333333333333333 2.309401076758503 0.5491420380758193 0.5489872891270491
-1.6666666666666667 -2.309401076758503 0.5071548250416669 0.5070091438750003
-1.6666666666666667 -2.116950987028628 0.4810968079583332 0.4809278840000004
-1.6666666666666667 -1.9245008972987525 0.3292412900416669 0.3291088504999996
-1.6666666666666667 -1.7320508075688772 0.2665518322083331 0.266460795125
-1.6666666666666667 -1.539600717839002 0.3292050650416669 0.32907326075000004
-1.6666666666666667 -1.3471506281091268 0.4812203807083329 0.48105159375000006
-1.6666666666666667 -1.1547005383792515 0.5071548250416664 0.5070091438750003
-1.6666666666666667 -0.9622504486493763 0.48109680795833315 0.4809278840000003
-1.6666666666666667 -0.769800358919501 0.3292412900416669 0.32910885049999955
-1.6666666666666667 -0.5773502691896257 0.2665518322083331 0.2664607951249999
-1.6666666666666667 -0.3849001794597505 0.32920506504166674 0.32907326074999976
-1.6666666666666667 -0.19245008972987526 0.4812203807083328 0.4810515937500004
-1.6666666666666667 0.0 0.5071548250416665 0.5070091438750003
-1.6666666666666667 0.19245008972987526 0.4810968079583333 0.4809278840000005
-1.6666666666666667 0.3849001794597505 0.32924129004166686 0.32910885049999955
-1.6666666666666667 0.5773502691896257 0.2665518322083333 0.266460795125
-1.6666666666666667 0.769800358919501 0.32920506504166674 0.32907326074999976
-1.6666666666666667 0.9622504486493763 0.481220380708333 0.4810515937500002
-1.6666666666666667 1.1547005383792515 0.5071548250416665 0.5070091438750004
-1.6666666666666667 1.3471506281091268 0.4810968079583333 0.4809278840000005
-1.6666666666666667 1.539600717839002 0.32924129004166697 0.3291088504999999
-1.6666666666666667 1.7320508075688772 0.26655183220833323 0.26646079512500026
-1.6666666666666667 1.9245008972987525 0.32920506504166686 0.3290732607499998
-1.6666666666666667 2.116950987028628 0.481220380708333 0.48105159375000034
-1.6666666666666667 2.309401076758503 0.5071548250416664 0.5070091438750004
-1.5 -2.309401076758503 0.33348690374999973 0.33338055141666645
-1.5 -2.116950987028628 0.365024556057665 0.3648658697337852
-1.5 -1.9245008972987525 0.36502455605766504 0.36486586973378526
-1.5 -1.7320508075688772 0.3334869037499998 0.33338055141666645
-1.5 -1.539600717839002 0.36496156844233457 0.3648020898495479
-1.5 -1.3471506281091268 0.36496156844233474 0.36480208984954793
-1.5 -1.1547005383792515 0.33348690374999973 0.3333805514166664
-1.5 -0.9622504486493763 0.3650245560576649 0.36486586973378515
-1.5 -0.769800358919501 0.365024556057665 0.3648658697337852
-1.5 -0.5773502691896257 0.3334869037499999 0.3333805514166666
-1.5 -0.3849001794597505 0.3649615684423348 0.36480208984954776
-1.5 -0.19245008972987526 0.3649615684423346 0.3648020898495479
-1.5 0.0 0.3334869037499999 0.3333805514166666
-1.5 0.19245008972987526 0.3650245560576648 0.36486586973378515
-1.5 0.3849001794597505 0.3650245560576651 0.36486586973378526
-1.5 0.5773502691896257 0.3334869037499999 0.33338055141666656
-1.5 0.769800358919501 0.36496156844233474 0.3648020898495479
-1.5 0.9622504486493763 0.3649615684423347 0.36480208984954776
-1.5 1.1547005383792515 0.33348690374999984 0.33338055141666645
-1.5 1.3471506281091268 0.36502455605766493 0.36486586973378515
-1.5 1.539600717839002 0.36502455605766504 0.3648658697337852
-1.5 1.7320508075688772 0.3334869037499998 0.33338055141666645
-1.5 1.9245008972987525 0.3649615684423347 0.3648020898495479
-1.5 2.116950987028628 0.36496156844233485 0.3648020898495479
-1.5 2.309401076758503 0.3334869037499998 0.33338055141666656
-1.3333333333333333 -2.309401076758503 0.266551832208333 0.26646079512500004
-1.3333333333333333 -2.116950987028628 0.3292412900416669 0.3291088504999999
-1.3333333333333333 -1.9245008972987525 0.4810968079583336 0.4809278840000005
-1.3333333333333333 -1.7320508075688772 0.5071548250416666 0.5070091438750004
-1.3333333333333333 -1.539600717839002 0.4812203807083331 0.48105159375000045
-1.3333333333333333 -1.3471506281091268 0.329205065041667 0.3290732607499997
-1.3333333333333333 -1.1547005383792515 0.2665518322083333 0.26646079512500004
-1.3333333333333333 -0.9622504486493763 0.329241290041667 0.3291088504999996
-1.3333333333333333 -0.769800358919501 0.4810968079583332 0.48092788400000064
-1.3333333333333333 -0.5773502691896257 0.5071548250416666 0.5070091438750006
-1.3333333333333333 -0.3849001794597505 0.4812203807083331 0.4810515937500005
-1.3333333333333333 -0.19245008972987526 0.3292050650416668 0.3290732607499998
-1.3333333333333333 0.0 0.26655183220833334 0.26646079512500004
-1.3333333333333333 0.19245008972987526 0.3292412900416669 0.3291088504999995
-1.3333333333333333 0.3849001794597505 0.48109680795833343 0.48092788400000047
-1.3333333333333333 0.5773502691896257 0.5071548250416665 0.5070091438750005
-1.3333333333333333 0.769800358919501 0.48122038070833295 0.48105159375000045
-1.3333333333333333 0.9622504486493763 0.3292050650416668 0.3290732607499999
-1.3333333333333333 1.1547005383792515 0.2665518322083332 0.2664607951249999
-1.3333333333333333 1.3471506281091268 0.3292412900416669 0.32910885049999966
-1.3333333333333333 1.539600717839002 0.48109680795833343 0.48092788400000014
-1.3333333333333333 1.7320508075688772 0.5071548250416664 0.5070091438750005
-1.3333333333333333 1.9245008972987525 0.4812203807083332 0.48105159375000023
-1.3333333333333333 2.116950987028628 0.3292050650416668 0.32907326075000004
-1.3333333333333333 2.309401076758503 0.26655183220833295 0.2664607951249998
-1.1666666666666667 -2.309401076758503 0.2860750451741806 0.28599908620628384
-1.1666666666666667 -2.116950987028628 0.4375814743220633 0.4373605366271838
-1.1666666666666667 -1.9245008972987525 0.5496483419588932 0.5494712907338569
-1.1666666666666667 -1.7320508075688772 0.5491420380758191 0.5489872891270492
-1.1666666666666667 -1.539600717839002 0.5496355196779368 0.5494582094561486
-1.1666666666666667 -1.3471506281091268 0.43764051479110694 0.4374199098494761
-1.1666666666666667 -1.1547005383792515 0.28607504517418053 0.2859990862062838
-1.1666666666666667 -0.9622504486493763 0.43758147432206335 0.4373605366271838
-1.1666666666666667 -0.769800358919501 0.5496483419588932 0.549471290733857
-1.1666666666666667 -0.5773502691896257 0.5491420380758194 0.5489872891270492
-1.1666666666666667 -0.3849001794597505 0.5496355196779368 0.5494582094561486
-1.1666666666666667 -0.19245008972987526 0.43764051479110716 0.4374199098494761
-1.1666666666666667 0.0 0.28607504517418053 0.28599908620628384
-1.1666666666666667 0.19245008972987526 0.43758147432206335 0.4373605366271838
-1.1666666666666667 0.3849001794597505 0.5496483419588931 0.5494712907338568
-1.1666666666666667 0.5773502691896257 0.5491420380758198 0.5489872891270495
-1.1666666666666667 0.769800358919501 0.5496355196779364 0.5494582094561485
-1.1666666666666667 0.9622504486493763 0.4376405147911071 0.43741990984947626
-1.1666666666666667 1.1547005383792515 0.2860750451741805 0.2859990862062839
-1.1666666666666667 1.3471506281091268 0.43758147432206346 0.43736053662718394
-1.1666666666666667 1.539600717839002 0.5496483419588931 0.5494712907338568
-1.1666666666666667 1.7320508075688772 0.5491420380758197 0.5489872891270496
-1.1666666666666667 1.9245008972987525 0.5496355196779363 0.5494582094561484
-1.1666666666666667 2.116950987028628 0.4376405147911071 0.43741990984947626
-1.1666666666666667 2.309401076758503 0.28607504517418064 0.285999086206284
-1.0 -2.309401076758503 0.3134923404166668 0.3133869369999999
-1.0 -2.116950987028628 0.4921641749583331 0.4919594808750002
-1.0 -1.9245008972987525 0.5586053985416669 0.5584347473750009
-1.0 -1.7320508075688772 0.5552531860833333 0.5551058845000002
-1.0 -1.539600717839002 0.5586053985416672 0.5584347473750007
-1.0 -1.3471506281091268 0.49216417495833326 0.49195948087499997
-1.0 -1.1547005383792515 0.3134923404166668 0.3133869369999999
-1.0 -0.9622504486493763 0.49216417495833303 0.4919594808750003
-1.0 -0.769800358919501 0.558605398541667 0.5584347473750008
-1.0 -0.5773502691896257 0.5552531860833333 0.5551058845000002
-1.0 -0.3849001794597505 0.5586053985416671 0.5584347473750008
-1.0 -0.19245008972987526 0.4921641749583331 0.4919594808750002
-1.0 0.0 0.3134923404166668 0.3133869369999999
-1.0 0.19245008972987526 0.49216417495833337 0.49195948087500035
-1.0 0.3849001794597505 0.5586053985416671 0.5584347473750008
-1.0 0.5773502691896257 0.5552531860833333 0.5551058845000002
-1.0 0.769800358919501 0.558605398541667 0.5584347473750008
-1.0 0.9622504486493763 0.49216417495833303 0.49195948087500035
-1.0 1.1547005383792515 0.3134923404166668 0.3133869369999999
-1.0 1.3471506281091268 0.4921641749583332 0.49195948087499985
-1.0 1.539600717839002 0.5586053985416672 0.5584347473750007
-1.0 1.7320508075688772 0.5552531860833333 0.5551058845000002
-1.0 1.9245008972987525 0.5586053985416669 0.5584347473750008
-1.0 2.116950987028628 0.492164174958333 0.4919594808750003
-1.0 2.309401076758503 0.3134923404166668 0.3133869369999999
-0.8333333333333334 -2.309401076758503 0.2860750451741805 0.2859990862062838
-0.8333333333333334 -2.116950987028628 0.43764051479110716 0.43741990984947615
-0.8333333333333334 -1.9245008972987525 0.5496355196779361 0.5494582094561484
-0.8333333333333334 -1.7320508075688772 0.5491420380758197 0.5489872891270495
-0.8333333333333334 -1.539600717839002 0.5496483419588932 0.5494712907338568
-0.8333333333333334 -1.3471506281091268 0.43758147432206346 0.43736053662718394
-0.8333333333333334 -1.1547005383792515 0.28607504517418064 0.285999086206284
-0.8333333333333334 -0.9622504486493763 0.43764051479110705 0.4374199098494761
-0.8333333333333334 -0.769800358919501 0.5496355196779366 0.5494582094561485
-0.8333333333333334 -0.5773502691896257 0.5491420380758196 0.5489872891270495
-0.8333333333333334 -0.3849001794597505 0.5496483419588931 0.5494712907338568
-0.8333333333333334 -0.19245008972987526 0.4375814743220632 0.4373605366271838
-0.8333333333333334 0.0 0.28607504517418053 0.2859990862062838
-0.8333333333333334 0.19245008972987526 0.43764051479110694 0.4374199098494762
-0.8333333333333334 0.3849001794597505 0.549635519677937 0.5494582094561485
-0.8333333333333334 0.5773502691896257 0.5491420380758194 0.5489872891270493
-0.8333333333333334 0.769800358919501 0.5496483419588934 0.549471290733857
-0.8333333333333334 0.9622504486493763 0.4375814743220633 0.4373605366271837
-0.8333333333333334 1.1547005383792515 0.28607504517418053 0.2859990862062839
-0.8333333333333334 1.3471506281091268 0.4376405147911068 0.43741990984947604
-0.8333333333333334 1.539600717839002 0.5496355196779369 0.5494582094561486
-0.8333333333333334 1.7320508075688772 0.5491420380758194 0.5489872891270492
-0.8333333333333334 1.9245008972987525 0.5496483419588933 0.549471290733857
-0.8333333333333334 2.116950987028628 0.43758147432206346 0.43736053662718394
-0.8333333333333334 2.309401076758503 0.28607504517418053 0.2859990862062837
-0.6666666666666666 -2.309401076758503 0.2665518322083329 0.26646079512499965
-0.6666666666666666 -2.116950987028628 0.32920506504166674 0.32907326074999993
-0.6666666666666666 -1.9245008972987525 0.48122038070833295 0.48105159374999984
-0.6666666666666666 -1.7320508075688772 0.5071548250416666 0.5070091438750001
-0.6666666666666666 -1.539600717839002 0.4810968079583332 0.4809278840000002
-0.6666666666666666 -1.3471506281091268 0.3292412900416669 0.3291088504999995
-0.6666666666666666 -1.1547005383792515 0.2665518322083332 0.266460795125
-0.6666666666666666 -0.9622504486493763 0.3292050650416668 0.3290732607499999
-0.6666666666666666 -0.769800358919501 0.48122038070833284 0.4810515937500003
-0.6666666666666666 -0.5773502691896257 0.5071548250416666 0.507009143875
-0.6666666666666666 -0.3849001794597505 0.4810968079583333 0.48092788400000025
-0.6666666666666666 -0.19245008972987526 0.3292412900416669 0.3291088504999995
-0.6666666666666666 0.0 0.26655183220833334 0.266460795125
-0.6666666666666666 0.19245008972987526 0.32920506504166686 0.32907326074999976
-0.6666666666666666 0.3849001794597505 0.48122038070833295 0.4810515937500004
-0.6666666666666666 0.5773502691896257 0.5071548250416664 0.5070091438750003
-0.6666666666666666 0.769800358919501 0.4810968079583331 0.48092788400000036
-0.6666666666666666 0.9622504486493763 0.32924129004166675 0.32910885049999966
-0.6666666666666666 1.1547005383792515 0.26655183220833323 0.2664607951250001
-0.6666666666666666 1.3471506281091268 0.3292050650416668 0.3290732607499997
-0.6666666666666666 1.539600717839002 0.48122038070833295 0.48105159375000006
-0.6666666666666666 1.7320508075688772 0.5071548250416665 0.5070091438750002
-0.6666666666666666 1.9245008972987525 0.4810968079583332 0.4809278840000001
-0.6666666666666666 2.116950987028628 0.3292412900416668 0.3291088504999998
-0.6666666666666666 2.309401076758503 0.2665518322083331 0.26646079512500004
-0.5 -2.309401076758503 0.3334869037499999 0.3333805514166666
-0.5 -2.116950987028628 0.36496156844233457 0.36480208984954776
-0.5 -1.9245008972987525 0.36496156844233474 0.3648020898495479
-0.5 -1.7320508075688772 0.33348690374999984 0.3333805514166665
-0.5 -1.539600717839002 0.365024556057665 0.36486586973378526
-0.5 -1.3471506281091268 0.3650245560576651 0.36486586973378526
-0.5 -1.1547005383792515 0.33348690374999995 0.33338055141666667
-0.5 -0.9622504486493763 0.3649615684423347 0.3648020898495479
-0.5 -0.769800358919501 0.3649615684423346 0.3648020898495479
-0.5 -0.5773502691896257 0.3334869037499999 0.3333805514166666
-0.5 -0.3849001794597505 0.3650245560576649 0.36486586973378515
-0.5 -0.19245008972987526 0.3650245560576648 0.3648658697337852
-0.5 0.0 0.3334869037499999 0.3333805514166666
-0.5 0.19245008972987526 0.3649615684423348 0.36480208984954793
-0.5 0.3849001794597505 0.3649615684423346 0.3648020898495479
-0.5 0.5773502691896257 0.3334869037499999 0.3333805514166666
-0.5 0.769800358919501 0.3650245560576648 0.3648658697337852
-0.5 0.9622504486493763 0.365024556057665 0.36486586973378515
-0.5 1.1547005383792515 0.33348690374999984 0.33338055141666656
-0.5 1.3471506281091268 0.3649615684423348 0.364802089849548
-0.5 1.539600717839002 0.3649615684423348 0.3648020898495478
-0.5 1.7320508075688772 0.3334869037499999 0.3333805514166665
-0.5 1.9245008972987525 0.365024556057665 0.36486586973378515
-0.5 2.116950987028628 0.365024556057665 0.3648658697337852
-0.5 2.309401076758503 0.3334869037499999 0.3333805514166666
-0.3333333333333333 -2.309401076758503 0.5071548250416665 0.5070091438750004
-0.3333333333333333 -2.116950987028628 0.4812203807083332 0.4810515937500004
-0.3333333333333333 -1.9245008972987525 0.32920506504166686 0.32907326074999976
-0.3333333333333333 -1.7320508075688772 0.26655183220833334 0.26646079512500026
-0.3333333333333333 -1.539600717839002 0.329241290041667 0.3291088504999997
-0.3333333333333333 -1.3471506281091268 0.48109680795833326 0.48092788400000047
-0.3333333333333333 -1.1547005383792515 0.5071548250416665 0.5070091438750003
-0.3333333333333333 -0.9622504486493763 0.48122038070833284 0.48105159375000045
-0.3333333333333333 -0.769800358919501 0.3292050650416668 0.32907326074999976
-0.3333333333333333 -0.5773502691896257 0.2665518322083333 0.2664607951249999
-0.3333333333333333 -0.3849001794597505 0.32924129004166697 0.32910885049999944
-0.3333333333333333 -0.19245008972987526 0.4810968079583333 0.48092788400000047
-0.3333333333333333 0.0 0.5071548250416665 0.5070091438750004
-0.3333333333333333 0.19245008972987526 0.481220380708333 0.4810515937500004
-0.3333333333333333 0.3849001794597505 0.3292050650416668 0.32907326074999976
-0.3333333333333333 0.5773502691896257 0.2665518322083332 0.266460795125
-0.3333333333333333 0.769800358919501 0.32924129004166675 0.3291088504999995
-0.3333333333333333 0.9622504486493763 0.4810968079583334 0.4809278840000002
-0.3333333333333333 1.1547005383792515 0.5071548250416663 0.5070091438750004
-0.3333333333333333 1.3471506281091268 0.481220380708333 0.4810515937500003
-0.3333333333333333 1.539600717839002 0.32920506504166686 0.32907326075000004
-0.3333333333333333 1.7320508075688772 0.2665518322083331 0.2664607951249999
-0.3333333333333333 1.9245008972987525 0.32924129004166697 0.32910885049999955
-0.3333333333333333 2.116950987028628 0.4810968079583332 0.48092788400000047
-0.3333333333333333 2.309401076758503 0.5071548250416668 0.5070091438750004
-0.16666666666666666 -2.309401076758503 0.5491420380758191 0.5489872891270492
-0.16666666666666666 -2.116950987028628 0.5496355196779367 0.5494582094561486
-0.16666666666666666 -1.9245008972987525 0.43764051479110694 0.43741990984947626
-0.16666666666666666 -1.7320508075688772 0.2860750451741805 0.2859990862062837
-0.16666666666666666 -1.539600717839002 0.4375814743220634 0.4373605366271837
-0.16666666666666666 -1.3471506281091268 0.5496483419588934 0.549471290733857
-0.16666666666666666 -1.1547005383792515 0.5491420380758194 0.5489872891270492
-0.16666666666666666 -0.9622504486493763 0.5496355196779369 0.5494582094561486
-0.16666666666666666 -0.769800358919501 0.4376405147911067 0.4374199098494761
-0.16666666666666666 -0.5773502691896257 0.2860750451741806 0.2859990862062838
-0.16666666666666666 -0.3849001794597505 0.43758147432206324 0.4373605366271839
-0.16666666666666666 -0.19245008972987526 0.5496483419588932 0.5494712907338568
-0.16666666666666666 0.0 0.5491420380758196 0.5489872891270494
-0.16666666666666666 0.19245008972987526 0.5496355196779369 0.5494582094561485
-0.16666666666666666 0.3849001794597505 0.43764051479110716 0.43741990984947626
-0.16666666666666666 0.5773502691896257 0.28607504517418053 0.2859990862062839
-0.16666666666666666 0.769800358919501 0.43758147432206324 0.4373605366271838
-0.16666666666666666 0.9622504486493763 0.5496483419588931 0.5494712907338568
-0.16666666666666666 1.1547005383792515 0.5491420380758198 0.5489872891270496
-0.16666666666666666 1.3471506281091268 0.5496355196779364 0.5494582094561485
-0.16666666666666666 1.539600717839002 0.437640514791107 0.4374199098494761
-0.16666666666666666 1.7320508075688772 0.2860750451741805 0.28599908620628384
-0.16666666666666666 1.9245008972987525 0.4375814743220636 0.4373605366271841
-0.16666666666666666 2.116950987028628 0.5496483419588931 0.5494712907338568
-0.16666666666666666 2.309401076758503 0.5491420380758195 0.5489872891270496
0.0 -2.309401076758503 0.5552531860833333 0.5551058845000002
0.0 -2.116950987028628 0.5586053985416675 0.5584347473750008
0.0 -1.9245008972987525 0.4921641749583334 0.49195948087499985
0.0 -1.7320508075688772 0.3134923404166668 0.3133869369999999
0.0 -1.539600717839002 0.49216417495833287 0.49195948087500035
0.0 -1.3471506281091268 0.558605398541667 0.5584347473750009
0.0 -1.1547005383792515 0.5552531860833333 0.5551058845000002
0.0 -0.9622504486493763 0.5586053985416674 0.5584347473750007
0.0 -0.769800358919501 0.49216417495833314 0.49195948087500024
0.0 -0.5773502691896257 0.3134923404166668 0.3133869369999999
0.0 -0.3849001794597505 0.4921641749583331 0.49195948087500024
0.0 -0.19245008972987526 0.5586053985416672 0.5584347473750008
0.0 0.0 0.5552531860833333 0.5551058845000002
0.0 0.19245008972987526 0.5586053985416672 0.5584347473750008
0.0 0.3849001794597505 0.4921641749583331 0.49195948087500024
0.0 0.5773502691896257 0.3134923404166668 0.3133869369999999
0.0 0.769800358919501 0.49216417495833314 0.49195948087500024
0.0 0.9622504486493763 0.5586053985416674 0.5584347473750007
0.0 1.1547005383792515 0.5552531860833333 0.5551058845000002
0.0 1.3471506281091268 0.558605398541667 0.5584347473750009
0.0 1.539600717839002 0.49216417495833287 0.49195948087500035
0.0 1.7320508075688772 0.3134923404166668 0.3133869369999999
0.0 1.9245008972987525 0.4921641749583334 0.49195948087499985
0.0 2.116950987028628 0.5586053985416675 0.5584347473750008
0.0 2.309401076758503 0.5552531860833333 0.5551058845000002
0.16666666666666666 -2.309401076758503 0.5491420380758195 0.5489872891270496
0.16666666666666666 -2.116950987028628 0.5496483419588931 0.5494712907338568
0.16666666666666666 -1.9245008972987525 0.4375814743220636 0.4373605366271841
0.16666666666666666 -1.7320508075688772 0.2860750451741805 0.28599908620628384
0.16666666666666666 -1.539600717839002 0.437640514791107 0.4374199098494761
0.16666666666666666 -1.3471506281091268 0.5496355196779364 0.5494582094561485
0.16666666666666666 -1.1547005383792515 0.5491420380758198 0.5489872891270496
0.16666666666666666 -0.9622504486493763 0.5496483419588931 0.5494712907338568
0.16666666666666666 -0.769800358919501 0.43758147432206324 0.4373605366271838
0.16666666666666666 -0.5773502691896257 0.28607504517418053 0.2859990862062839
0.16666666666666666 -0.3849001794597505 0.43764051479110716 0.43741990984947626
0.16666666666666666 -0.19245008972987526 0.5496355196779369 0.5494582094561485
0.16666666666666666 0.0 0.5491420380758196 0.5489872891270494
0.16666666666666666 0.19245008972987526 0.5496483419588932 0.5494712907338568
0.16666666666666666 0.3849001794597505 0.43758147432206324 0.4373605366271839
0.16666666666666666 0.5773502691896257 0.2860750451741806 0.2859990862062838
0.16666666666666666 0.769800358919501 0.4376405147911067 0.4374199098494761
0.16666666666666666 0.9622504486493763 0.5496355196779369 0.5494582094561486
0.16666666666666666 1.1547005383792515 0.5491420380758194 0.5489872891270492
0.16666666666666666 1.3471506281091268 0.5496483419588934 0.549471290733857
0.16666666666666666 1.539600717839002 0.4375814743220634 0.4373605366271837
0.16666666666666666 1.7320508075688772 0.2860750451741805 0.2859990862062837
0.16666666666666666 1.9245008972987525 0.43764051479110694 0.43741990984947626
0.16666666666666666 2.116950987028628 0.5496355196779367 0.5494582094561486
0.16666666666666666 2.309401076758503 0.5491420380758191 0.5489872891270492
0.3333333333333333 -2.309401076758503 0.5071548250416668 0.5070091438750004
0.3333333333333333 -2.116950987028628 0.4810968079583332 0.48092788400000047
0.3333333333333333 -1.9245008972987525 0.32924129004166697 0.32910885049999955
0.3333333333333333 -1.7320508075688772 0.2665518322083331 0.2664607951249999
0.3333333333333333 -1.539600717839002 0.32920506504166686 0.32907326075000004
0.3333333333333333 -1.3471506281091268 0.481220380708333 0.4810515937500003
0.3333333333333333 -1.1547005383792515 0.5071548250416663 0.5070091438750004
0.3333333333333333 -0.9622504486493763 0.4810968079583334 0.4809278840000002
0.3333333333333333 -0.769800358919501 0.32924129004166675 0.3291088504999995
0.3333333333333333 -0.5773502691896257 0.2665518322083332 0.266460795125
0.3333333333333333 -0.3849001794597505 0.3292050650416668 0.32907326074999976
0.3333333333333333 -0.19245008972987526 0.481220380708333 0.4810515937500004
0.3333333333333333 0.0 0.5071548250416665 0.5070091438750004
0.3333333333333333 0.19245008972987526 0.4810968079583333 0.48092788400000047
0.3333333333333333 0.3849001794597505 0.32924129004166697 0.32910885049999944
0.3333333333333333 0.5773502691896257 0.2665518322083333 0.2664607951249999
0.3333333333333333 0.769800358919501 0.3292050650416668 0.32907326074999976
0.3333333333333333 0.9622504486493763 0.48122038070833284 0.48105159375000045
0.3333333333333333 1.1547005383792515 0.5071548250416665 0.5070091438750003
0.3333333333333333 1.3471506281091268 0.48109680795833326 0.48092788400000047
0.3333333333333333 1.539600717839002 0.329241290041667 0.3291088504999997
0.3333333333333333 1.7320508075688772 0.26655183220833334 0.26646079512500026
0.3333333333333333 1.9245008972987525 0.32920506504166686 0.32907326074999976
0.3333333333333333 2.116950987028628 0.4812203807083332 0.4810515937500004
0.3333333333333333 2.309401076758503 0.5071548250416665 0.5070091438750004
0.5 -2.309401076758503 0.3334869037499999 0.3333805514166666
0.5 -2.116950987028628 0.365024556057665 0.3648658697337852
0.5 -1.9245008972987525 0.365024556057665 0.36486586973378515
0.5 -1.7320508075688772 0.3334869037499999 0.3333805514166665
0.5 -1.539600717839002 0.3649615684423348 0.3648020898495478
0.5 -1.3471506281091268 0.3649615684423348 0.364802089849548
0.5 -1.1547005383792515 0.33348690374999984 0.33338055141666656
0.5 -0.9622504486493763 0.365024556057665 0.36486586973378515
0.5 -0.769800358919501 0.3650245560576648 0.3648658697337852
0.5 -0.5773502691896257 0.3334869037499999 0.3333805514166666
0.5 -0.3849001794597505 0.3649615684423346 0.3648020898495479
0.5 -0.19245008972987526 0.3649615684423348 0.36480208984954793
0.5 0.0 0.3334869037499999 0.3333805514166666
0.5 0.19245008972987526 0.3650245560576648 0.3648658697337852
0.5 0.3849001794597505 0.3650245560576649 0.36486586973378515
0.5 0.5773502691896257 0.3334869037499999 0.3333805514166666
0.5 0.769800358919501 0.3649615684423346 0.3648020898495479
0.5 0.9622504486493763 0.3649615684423347 0.3648020898495479
0.5 1.1547005383792515 0.33348690374999995 0.33338055141666667
0.5 1.3471506281091268 0.3650245560576651 0.36486586973378526
0.5 1.539600717839002 0.365024556057665 0.36486586973378526
0.5 1.7320508075688772 0.33348690374999984 0.3333805514166665
0.5 1.9245008972987525 0.36496156844233474 0.3648020898495479
0.5 2.116950987028628 0.36496156844233457 0.36480208984954776
0.5 2.309401076758503 0.3334869037499999 0.3333805514166666
0.6666666666666666 -2.309401076758503 0.2665518322083331 0.26646079512500004
0.6666666666666666 -2.116950987028628 0.3292412900416668 0.3291088504999998
0.6666666666666666 -1.9245008972987525 0.4810968079583332 0.4809278840000001
0.6666666666666666 -1.7320508075688772 0.5071548250416665 0.5070091438750002
0.6666666666666666 -1.539600717839002 0.48122038070833295 0.48105159375000006
0.6666666666666666 -1.3471506281091268 0.3292050650416668 0.3290732607499997
0.6666666666666666 -1.1547005383792515 0.26655183220833323 0.2664607951250001
0.6666666666666666 -0.9622504486493763 0.32924129004166675 0.32910885049999966
0.6666666666666666 -0.769800358919501 0.4810968079583331 0.48092788400000036
0.6666666666666666 -0.5773502691896257 0.5071548250416664 0.5070091438750003
0.6666666666666666 -0.3849001794597505 0.48122038070833295 0.4810515937500004
0.6666666666666666 -0.19245008972987526 0.32920506504166686 0.32907326074999976
0.6666666666666666 0.0 0.26655183220833334 0.266460795125
0.6666666666666666 0.19245008972987526 0.3292412900416669 0.3291088504999995
0.6666666666666666 0.3849001794597505 0.4810968079583333 0.48092788400000025
0.6666666666666666 0.5773502691896257 0.5071548250416666 0.507009143875
0.6666666666666666 0.769800358919501 0.48122038070833284 0.4810515937500003
0.6666666666666666 0.9622504486493763 0.3292050650416668 0.3290732607499999
0.6666666666666666 1.1547005383792515 0.2665518322083332 0.266460795125
0.6666666666666666 1.3471506281091268 0.3292412900416669 0.3291088504999995
0.6666666666666666 1.539600717839002 0.4810968079583332 0.4809278840000002
0.6666666666666666 1.7320508075688772 0.5071548250416666 0.5070091438750001
0.6666666666666666 1.9245008972987525 0.48122038070833295 0.48105159374999984
0.6666666666666666 2.116950987028628 0.32920506504166674 0.32907326074999993
0.6666666666666666 2.309401076758503 0.2665518322083329 0.26646079512499965
0.8333333333333334 -2.309401076758503 0.28607504517418053 0.2859990862062837
0.8333333333333334 -2.116950987028628 0.43758147432206346 0.43736053662718394
0.8333333333333334 -1.9245008972987525 0.5496483419588933 0.549471290733857
0.8333333333333334 -1.7320508075688772 0.5491420380758194 0.5489872891270492
0.8333333333333334 -1.539600717839002 0.5496355196779369 0.5494582094561486
0.8333333333333334 -1.3471506281091268 0.4376405147911068 0.43741990984947604
0.8333333333333334 -1.1547005383792515 0.28607504517418053 0.2859990862062839
0.8333333333333334 -0.9622504486493763 0.4375814743220633 0.4373605366271837
0.8333333333333334 -0.769800358919501 0.5496483419588934 0.549471290733857
0.8333333333333334 -0.5773502691896257 0.5491420380758194 0.5489872891270493
0.8333333333333334 -0.3849001794597505 0.549635519677937 0.5494582094561485
0.8333333333333334 -0.19245008972987526 0.43764051479110694 0.4374199098494762
0.8333333333333334 0.0 0.28607504517418053 0.2859990862062838
0.8333333333333334 0.19245008972987526 0.4375814743220632 0.4373605366271838
0.8333333333333334 0.3849001794597505 0.5496483419588931 0.5494712907338568
0.8333333333333334 0.5773502691896257 0.5491420380758196 0.5489872891270495
0.8333333333333334 0.769800358919501 0.5496355196779366 0.5494582094561485
0.8333333333333334 0.9622504486493763 0.43764051479110705 0.4374199098494761
0.8333333333333334 1.1547005383792515 0.28607504517418064 0.285999086206284
0.8333333333333334 1.3471506281091268 0.43758147432206346 0.43736053662718394
0.8333333333333334 1.539600717839002 0.5496483419588932 0.5494712907338568
0.8333333333333334 1.7320508075688772 0.5491420380758197 0.5489872891270495
0.8333333333333334 1.9245008972987525 0.5496355196779361 0.5494582094561484
0.8333333333333334 2.116950987028628 0.43764051479110716 0.43741990984947615
0.8333333333333334 2.309401076758503 0.2860750451741805 0.2859990862062838
1.0 -2.309401076758503 0.3134923404166668 0.3133869369999999
1.0 -2.116950987028628 0.492164174958333 0.4919594808750003
1.0 -1.9245008972987525 0.5586053985416669 0.5584347473750008
1.0 -1.7320508075688772 0.5552531860833333 0.5551058845000002
1.0 -1.539600717839002 0.5586053985416672 0.5584347473750007
1.0 -1.3471506281091268 0.4921641749583332 0.49195948087499985
1.0 -1.1547005383792515 0.3134923404166668 0.3133869369999999
1.0 -0.9622504486493763 0.49216417495833303 0.49195948087500035
1.0 -0.769800358919501 0.558605398541667 0.5584347473750008
1.0 -0.5773502691896257 0.5552531860833333 0.5551058845000002
1.0 -0.3849001794597505 0.5586053985416671 0.5584347473750008
1.0 -0.19245008972987526 0.49216417495833337 0.49195948087500035
1.0 0.0 0.3134923404166668 0.3133869369999999
1.0 0.19245008972987526 0.4921641749583331 0.4919594808750002
1.0 0.3849001794597505 0.5586053985416671 0.5584347473750008
1.0 0.5773502691896257 0.5552531860833333 0.5551058845000002
1.0 0.769800358919501 0.558605398541667 0.5584347473750008
1.0 0.9622504486493763 0.49216417495833303 0.4919594808750003
1.0 1.1547005383792515 0.3134923404166668 0.3133869369999999
1.0 1.3471506281091268 0.49216417495833326 0.49195948087499997
1.0 1.539600717839002 0.5586053985416672 0.5584347473750007
1.0 1.7320508075688772 0.5552531860833333 0.5551058845000002
1.0 1.9245008972987525 0.5586053985416669 0.5584347473750009
1.0 2.116950987028628 0.4921641749583331 0.4919594808750002
1.0 2.309401076758503 0.3134923404166668 0.3133869369999999
1.1666666666666667 -2.309401076758503 0.28607504517418064 0.285999086206284
1.1666666666666667 -2.116950987028628 0.4376405147911071 0.43741990984947626
1.1666666666666667 -1.9245008972987525 0.5496355196779363 0.5494582094561484
1.1666666666666667 -1.7320508075688772 0.5491420380758197 0.5489872891270496
1.1666666666666667 -1.539600717839002 0.5496483419588931 0.5494712907338568
1.1666666666666667 -1.3471506281091268 0.43758147432206346 0.43736053662718394
1.1666666666666667 -1.1547005383792515 0.2860750451741805 0.2859990862062839
1.1666666666666667 -0.9622504486493763 0.4376405147911071 0.43741990984947626
1.1666666666666667 -0.769800358919501 0.5496355196779364 0.5494582094561485
1.1666666666666667 -0.5773502691896257 0.5491420380758198 0.5489872891270495
1.1666666666666667 -0.3849001794597505 0.5496483419588931 0.5494712907338568
1.1666666666666667 -0.19245008972987526 0.43758147432206335 0.4373605366271838
1.1666666666666667 0.0 0.28607504517418053 0.28599908620628384
1.1666666666666667 0.19245008972987526 0.43764051479110716 0.4374199098494761
1.1666666666666667 0.3849001794597505 0.5496355196779368 0.5494582094561486
1.1666666666666667 0.5773502691896257 0.5491420380758194 0.5489872891270492
1.1666666666666667 0.769800358919501 0.5496483419588932 0.549471290733857
1.1666666666666667 0.9622504486493763 0.43758147432206335 0.4373605366271838
1.1666666666666667 1.1547005383792515 0.28607504517418053 0.2859990862062838
1.1666666666666667 1.3471506281091268 0.43764051479110694 0.4374199098494761
1.1666666666666667 1.539600717839002 0.5496355196779368 0.5494582094561486
1.1666666666666667 1.7320508075688772 0.5491420380758191 0.5489872891270492
1.1666666666666667 1.9245008972987525 0.5496483419588932 0.5494712907338569
1.1666666666666667 2.116950987028628 0.4375814743220633 0.4373605366271838
1.1666666666666667 2.309401076758503 0.2860750451741806 0.28599908620628384
1.3333333333333333 -2.309401076758503 0.26655183220833295 0.2664607951249998
1.3333333333333333 -2.116950987028628 0.3292050650416668 0.32907326075000004
1.3333333333333333 -1.9245008972987525 0.4812203807083332 0.48105159375000023
1.3333333333333333 -1.7320508075688772 0.5071548250416664 0.5070091438750005
1.3333333333333333 -1.539600717839002 0.48109680795833343 0.48092788400000014
1.3333333333333333 -1.3471506281091268 0.3292412900416669 0.32910885049999966
1.3333333333333333 -1.1547005383792515 0.2665518322083332 0.2664607951249999
1.3333333333333333 -0.9622504486493763 0.3292050650416668 0.3290732607499999
1.3333333333333333 -0.769800358919501 0.48122038070833295 0.48105159375000045
1.3333333333333333 -0.5773502691896257 0.5071548250416665 0.5070091438750005
1.3333333333333333 -0.3849001794597505 0.48109680795833343 0.48092788400000047
1.3333333333333333 -0.19245008972987526 0.3292412900416669 0.3291088504999995
1.3333333333333333 0.0 0.26655183220833334 0.26646079512500004
1.3333333333333333 0.19245008972987526 0.3292050650416668 0.3290732607499998
1.3333333333333333 0.3849001794597505 0.4812203807083331 0.4810515937500005
1.3333333333333333 0.5773502691896257 0.5071548250416666 0.5070091438750006
1.3333333333333333 0.769800358919501 0.4810968079583332 0.48092788400000064
1.3333333333333333 0.9622504486493763 0.329241290041667 0.3291088504999996
1.3333333333333333 1.1547005383792515 0.2665518322083333 0.26646079512500004
1.3333333333333333 1.3471506281091268 0.329205065041667 0.3290732607499997
1.3333333333333333 1.539600717839002 0.4812203807083331 0.48105159375000045
1.3333333333333333 1.7320508075688772 0.5071548250416666 0.5070091438750004
1.3333333333333333 1.9245008972987525 0.4810968079583336 0.4809278840000005
1.3333333333333333 2.116950987028628 0.3292412900416669 0.3291088504999999
1.3333333333333333 2.309401076758503 0.266551832208333 0.26646079512500004
1.5 -2.309401076758503 0.3334869037499998 0.33338055141666656
1.5 -2.116950987028628 0.36496156844233485 0.3648020898495479
1.5 -1.9245008972987525 0.3649615684423347 0.3648020898495479
1.5 -1.7320508075688772 0.3334869037499998 0.33338055141666645
1.5 -1.539600717839002 0.36502455605766504 0.3648658697337852
1.5 -1.3471506281091268 0.36502455605766493 0.36486586973378515
1.5 -1.1547005383792515 0.33348690374999984 0.33338055141666645
1.5 -0.9622504486493763 0.3649615684423347 0.36480208984954776
1.5 -0.769800358919501 0.36496156844233474 0.3648020898495479
1.5 -0.5773502691896257 0.3334869037499999 0.33338055141666656
1.5 -0.3849001794597505 0.3650245560576651 0.36486586973378526
1.5 -0.19245008972987526 0.3650245560576648 0.36486586973378515
1.5 0.0 0.3334869037499999 0.3333805514166666
1.5 0.19245008972987526 0.3649615684423346 0.3648020898495479
1.5 0.3849001794597505 0.3649615684423348 0.36480208984954776
1.5 0.5773502691896257 0.3334869037499999 0.3333805514166666
1.5 0.769800358919501 0.365024556057665 0.3648658697337852
1.5 0.9622504486493763 0.3650245560576649 0.36486586973378515
1.5 1.1547005383792515 0.33348690374999973 0.3333805514166664
1.5 1.3471506281091268 0.36496156844233474 0.36480208984954793
1.5 1.539600717839002 0.36496156844233457 0.3648020898495479
1.5 1.7320508075688772 0.3334869037499998 0.33338055141666645
1.5 1.9245008972987525 0.36502455605766504 0.36486586973378526
1.5 2.116950987028628 0.365024556057665 0.3648658697337852
1.5 2.309401076758503 0.33348690374999973 0.33338055141666645
1.6666666666666667 -2.309401076758503 0.5071548250416664 0.5070091438750004
1.6666666666666667 -2.116950987028628 0.481220380708333 0.48105159375000034
1.6666666666666667 -1.9245008972987525 0.32920506504166686 0.3290732607499998
1.6666666666666667 -1.7320508075688772 0.26655183220833323 0.26646079512500026
1.6666666666666667 -1.539600717839002 0.32924129004166697 0.3291088504999999
1.6666666666666667 -1.3471506281091268 0.4810968079583333 0.4809278840000005
1.6666666666666667 -1.1547005383792515 0.5071548250416665 0.5070091438750004
1.6666666666666667 -0.9622504486493763 0.481220380708333 0.4810515937500002
1.6666666666666667 -0.769800358919501 0.32920506504166674 0.32907326074999976
1.6666666666666667 -0.5773502691896257 0.2665518322083333 0.266460795125
1.6666666666666667 -0.3849001794597505 0.32924129004166686 0.32910885049999955
1.6666666666666667 -0.19245008972987526 0.4810968079583333 0.4809278840000005
1.6666666666666667 0.0 0.5071548250416665 0.5070091438750003
1.6666666666666667 0.19245008972987526 0.4812203807083328 0.4810515937500004
1.6666666666666667 0.3849001794597505 0.32920506504166674 0.32907326074999976
1.6666666666666667 0.5773502691896257 0.2665518322083331 0.2664607951249999
1.6666666666666667 0.769800358919501 0.3292412900416669 0.32910885049999955
1.6666666666666667 0.9622504486493763 0.48109680795833315 0.4809278840000003
1.6666666666666667 1.1547005383792515 0.5071548250416664 0.5070091438750003
1.6666666666666667 1.3471506281091268 0.4812203807083329 0.48105159375000006
1.6666666666666667 1.539600717839002 0.3292050650416669 0.32907326075000004
1.6666666666666667 1.7320508075688772 0.2665518322083331 0.266460795125
1.6666666666666667 1.9245008972987525 0.3292412900416669 0.3291088504999996
1.6666666666666667 2.116950987028628 0.4810968079583332 0.4809278840000004
1.6666666666666667 2.309401076758503 0.5071548250416669 0.5070091438750003
1.8333333333333333 -2.309401076758503 0.5491420380758193 0.5489872891270491
1.8333333333333333 -2.116950987028628 0.5496355196779366 0.5494582094561486
1.8333333333333333 -1.9245008972987525 0.43764051479110677 0.4374199098494763
1.8333333333333333 -1.7320508075688772 0.2860750451741805 0.2859990862062838
1.8333333333333333 -1.539600717839002 0.43758147432206307 0.43736053662718366
1.8333333333333333 -1.3471506281091268 0.5496483419588932 0.5494712907338569
1.8333333333333333 -1.1547005383792515 0.5491420380758192 0.5489872891270492
1.8333333333333333 -0.9622504486493763 0.5496355196779368 0.5494582094561485
1.8333333333333333 -0.769800358919501 0.43764051479110655 0.437419909849476
1.8333333333333333 -0.5773502691896257 0.28607504517418053 0.2859990862062838
1.8333333333333333 -0.3849001794597505 0.43758147432206296 0.43736053662718366
1.8333333333333333 -0.19245008972987526 0.5496483419588932 0.5494712907338569
1.8333333333333333 0.0 0.5491420380758194 0.5489872891270493
1.8333333333333333 0.19245008972987526 0.5496355196779368 0.5494582094561484
1.8333333333333333 0.3849001794597505 0.4376405147911067 0.437419909849476
1.8333333333333333 0.5773502691896257 0.2860750451741806 0.28599908620628395
1.8333333333333333 0.769800358919501 0.437581474322063 0.43736053662718377
1.8333333333333333 0.9622504486493763 0.549648341958893 0.5494712907338568
1.8333333333333333 1.1547005383792515 0.5491420380758195 0.5489872891270496
1.8333333333333333 1.3471506281091268 0.5496355196779361 0.5494582094561485
1.8333333333333333 1.539600717839002 0.4376405147911069 0.43741990984947604
1.8333333333333333 1.7320508075688772 0.2860750451741806 0.28599908620628395
1.8333333333333333 1.9245008972987525 0.4375814743220633 0.4373605366271839
1.8333333333333333 2.116950987028628 0.5496483419588929 0.5494712907338568
1.8333333333333333 2.309401076758503 0.5491420380758196 0.5489872891270496
2.0 -2.309401076758503 0.5552531860833333 0.5551058845000002
2.0 -2.116950987028628 0.5586053985416672 0.5584347473750009
2.0 -1.9245008972987525 0.4921641749583333 0.4919594808749999
2.0 -1.7320508075688772 0.3134923404166668 0.3133869369999999
2.0 -1.539600717839002 0.49216417495833314 0.49195948087500035
2.0 -1.3471506281091268 0.558605398541667 0.5584347473750008
2.0 -1.1547005383792515 0.5552531860833333 0.5551058845000002
2.0 -0.9622504486493763 0.5586053985416672 0.5584347473750008
2.0 -0.769800358919501 0.49216417495833326 0.491959480875
2.0 -0.5773502691896257 0.3134923404166668 0.3133869369999999
2.0 -0.3849001794597505 0.4921641749583331 0.49195948087500024
2.0 -0.19245008972987526 0.5586053985416671 0.5584347473750005
2.0 0.0 0.5552531860833333 0.5551058845000002
2.0 0.19245008972987526 0.5586053985416672 0.5584347473750007
2.0 0.3849001794597505 0.49216417495833303 0.49195948087500024
2.0 0.5773502691896257 0.3134923404166668 0.3133869369999999
2.0 0.769800358919501 0.49216417495833314 0.4919594808750002
2.0 0.9622504486493763 0.5586053985416674 0.5584347473750007
2.0 1.1547005383792515 0.5552531860833333 0.5551058845000002
2.0 1.3471506281091268 0.5586053985416669 0.558434747375001
2.0 1.539600717839002 0.4921641749583332 0.4919594808750003
2.0 1.7320508075688772 0.3134923404166668 0.3133869369999999
2.0 1.9245008972987525 0.4921641749583335 0.491959480875
2.0 2.116950987028628 0.5586053985416674 0.5584347473750005
2.0 2.309401076758503 0.5552531860833333 0.5551058845000002
