-2.0 -2.309401076758503 0.6294192533749996 0.6294194181999995
-2.0 -2.116950987028628 0.6228883902541668 0.6228885310250004
-2.0 -1.9245008972987525 0.22675994743750022 0.22676008815000037
-2.0 -1.7320508075688772 0.16322513624166674 0.16322526344999982
-2.0 -1.539600717839002 0.22675994743750005 0.22676008814999987
-2.0 -1.3471506281091268 0.622888390254167 0.6228885310250006
-2.0 -1.1547005383792515 0.6294192533749996 0.6294194181999995
-2.0 -0.9622504486493763 0.622888390254167 0.6228885310250003
-2.0 -0.769800358919501 0.2267599474375001 0.22676008815000015
-2.0 -0.5773502691896257 0.16322513624166674 0.16322526344999982
-2.0 -0.3849001794597505 0.22675994743750005 0.2267600881500001
-2.0 -0.19245008972987526 0.622888390254167 0.6228885310250004
-2.0 0.0 0.6294192533749996 0.6294194181999995
-2.0 0.19245008972987526 0.622888390254167 0.6228885310250004
-2.0 0.3849001794597505 0.22675994743749994 0.22676008815
-2.0 0.5773502691896257 0.16322513624166674 0.16322526344999982
-2.0 0.769800358919501 0.2267599474375002 0.2267600881500002
-2.0 0.9622504486493763 0.622888390254167 0.6228885310250004
-2.0 1.1547005383792515 0.6294192533749996 0.6294194181999995
-2.0 1.3471506281091268 0.6228883902541671 0.6228885310250005
-2.0 1.539600717839002 0.22675994743750005 0.2267600881500001
-2.0 1.7320508075688772 0.16322513624166674 0.16322526344999982
-2.0 1.9245008972987525 0.22675994743750022 0.22676008815000026
-2.0 2.116950987028628 0.6228883902541669 0.6228885310250003
-2.0 2.309401076758503 0.6294192533749996 0.6294194181999995
-1.8333333333333333 -2.309401076758503 0.6276143278726986 0.6276144492733393
-1.8333333333333333 -2.116950987028628 0.6102391881726437 0.6102393500351527
-1.8333333333333333 -1.9245008972987525 0.1950521220632154 0.1950522311472134
-1.8333333333333333 -1.7320508075688772 0.15540184257730102 0.1554019657099931
-1.8333333333333333 -1.539600717839002 0.19516825035235597 0.19516836497317994
-1.8333333333333333 -1.3471506281091268 0.6102521039617851 0.6102522688611194
-1.8333333333333333 -1.1547005383792515 0.6276143278726988 0.6276144492733396
-1.8333333333333333 -0.9622504486493763 0.6102391881726433 0.6102393500351525
-1.8333333333333333 -0.769800358919501 0.1950521220632153 0.19505223114721326
-1.8333333333333333 -0.5773502691896257 0.15540184257730094 0.15540196570999307
-1.8333333333333333 -0.3849001794597505 0.19516825035235605 0.19516836497318
-1.8333333333333333 -0.19245008972987526 0.6102521039617848 0.6102522688611194
-1.8333333333333333 0.0 0.6276143278726986 0.6276144492733393
-1.8333333333333333 0.19245008972987526 0.6102391881726436 0.6102393500351525
-1.8333333333333333 0.3849001794597505 0.19505212206321532 0.1950522311472133
-1.8333333333333333 0.5773502691896257 0.155401842577301 0.15540196570999304
-1.8333333333333333 0.769800358919501 0.19516825035235605 0.19516836497318005
-1.8333333333333333 0.9622504486493763 0.6102521039617844 0.610252268861119
-1.8333333333333333 1.1547005383792515 0.6276143278726989 0.6276144492733401
-1.8333333333333333 1.3471506281091268 0.6102391881726436 0.6102393500351528
-1.8333333333333333 1.539600717839002 0.19505212206321515 0.19505223114721323
-1.8333333333333333 1.7320508075688772 0.15540184257730086 0.15540196570999296
-1.8333333333333333 1.9245008972987525 0.19516825035235605 0.19516836497318002
-1.8333333333333333 2.116950987028628 0.6102521039617848 0.6102522688611194
-1.8333333333333333 2.309401076758503 0.6276143278726987 0.62761444927334
-1.6666666666666667 -2.309401076758503 0.4093118942416661 0.4093120216999995
-1.6666666666666667 -2.116950987028628 0.36570413068749985 0.3657042698999997
-1.6666666666666667 -1.9245008972987525 0.1683584107541665 0.16835854802499978
-1.6666666666666667 -1.7320508075688772 0.15172987787499995 0.15172998995000012
-1.6666666666666667 -1.539600717839002 0.16831433700416687 0.16831442177500014
-1.6666666666666667 -1.3471506281091268 0.36582096443749995 0.36582106865000014
-1.6666666666666667 -1.1547005383792515 0.40931189424166614 0.40931202169999936
-1.6666666666666667 -0.9622504486493763 0.3657041306875003 0.3657042699000002
-1.6666666666666667 -0.769800358919501 0.16835841075416672 0.16835854802500008
-1.6666666666666667 -0.5773502691896257 0.15172987787499986 0.1517299899499998
-1.6666666666666667 -0.3849001794597505 0.16831433700416668 0.1683144217750001
-1.6666666666666667 -0.19245008972987526 0.36582096443750023 0.3658210686500003
-1.6666666666666667 0.0 0.4093118942416663 0.4093120216999995
-1.6666666666666667 0.19245008972987526 0.36570413068750024 0.36570426990000016
-1.6666666666666667 0.3849001794597505 0.16835841075416652 0.16835854802499997
-1.6666666666666667 0.5773502691896257 0.15172987787499992 0.15172998994999992
-1.6666666666666667 0.769800358919501 0.16831433700416676 0.16831442177500003
-1.6666666666666667 0.9622504486493763 0.36582096443750034 0.3658210686500005
-1.6666666666666667 1.1547005383792515 0.4093118942416663 0.4093120216999994
-1.6666666666666667 1.3471506281091268 0.36570413068750013 0.3657042699
-1.6666666666666667 1.539600717839002 0.16835841075416666 0.16835854802500005
-1.6666666666666667 1.7320508075688772 0.15172987787500014 0.15172998995000006
-1.6666666666666667 1.9245008972987525 0.16831433700416643 0.16831442177499983
-1.6666666666666667 2.116950987028628 0.3658209644375 0.36582106865
-1.6666666666666667 2.309401076758503 0.4093118942416664 0.40931202169999975
-1.5 -2.309401076758503 0.17816014647499961 0.17816025249166623
-1.5 -2.116950987028628 0.16891453663171294 0.16891465242945136
-1.5 -1.9245008972987525 0.1689145366317128 0.1689146524294513
-1.5 -1.7320508075688772 0.17816014647499964 0.17816025249166628
-1.5 -1.539600717839002 0.168852084393287 0.16885218507888225
-1.5 -1.3471506281091268 0.16885208439328686 0.16885218507888208
-1.5 -1.1547005383792515 0.17816014647499973 0.1781602524916664
-1.5 -0.9622504486493763 0.16891453663171282 0.16891465242945122
-1.5 -0.769800358919501 0.16891453663171285 0.1689146524294514
-1.5 -0.5773502691896257 0.17816014647499998 0.1781602524916666
-1.5 -0.3849001794597505 0.16885208439328692 0.1688521850788821
-1.5 -0.19245008972987526 0.1688520843932869 0.16885218507888206
-1.5 0.0 0.17816014647499992 0.17816025249166656
-1.5 0.19245008972987526 0.16891453663171282 0.1689146524294513
-1.5 0.3849001794597505 0.16891453663171288 0.16891465242945136
-1.5 0.5773502691896257 0.17816014647499998 0.17816025249166662
-1.5 0.769800358919501 0.16885208439328694 0.16885218507888217
-1.5 0.9622504486493763 0.16885208439328692 0.16885218507888214
-1.5 1.1547005383792515 0.1781601464749998 0.17816025249166648
-1.5 1.3471506281091268 0.1689145366317129 0.1689146524294514
-1.5 1.539600717839002 0.168914536631713 0.16891465242945133
-1.5 1.7320508075688772 0.17816014647499961 0.17816025249166625
-1.5 1.9245008972987525 0.16885208439328675 0.16885218507888194
-1.5 2.116950987028628 0.16885208439328703 0.16885218507888236
-1.5 2.309401076758503 0.17816014647499984 0.1781602524916665
-1.3333333333333333 -2.309401076758503 0.15172987787499967 0.1517299899499997
-1.3333333333333333 -2.116950987028628 0.16835841075416674 0.16835854802499997
-1.3333333333333333 -1.9245008972987525 0.3657041306875002 0.36570426990000005
-1.3333333333333333 -1.7320508075688772 0.40931189424166625 0.40931202169999964
-1.3333333333333333 -1.539600717839002 0.3658209644375004 0.3658210686500006
-1.3333333333333333 -1.3471506281091268 0.16831433700416648 0.1683144217749998
-1.3333333333333333 -1.1547005383792515 0.15172987787500009 0.15172998995000003
-1.3333333333333333 -0.9622504486493763 0.16835841075416658 0.16835854802499986
-1.3333333333333333 -0.769800358919501 0.36570413068750046 0.3657042699000002
-1.3333333333333333 -0.5773502691896257 0.4093118942416665 0.4093120216999998
-1.3333333333333333 -0.3849001794597505 0.3658209644375004 0.3658210686500005
-1.3333333333333333 -0.19245008972987526 0.16831433700416668 0.16831442177500003
-1.3333333333333333 0.0 0.15172987787499986 0.15172998994999987
-1.3333333333333333 0.19245008972987526 0.16835841075416658 0.16835854802499992
-1.3333333333333333 0.3849001794597505 0.36570413068750046 0.3657042699000004
-1.3333333333333333 0.5773502691896257 0.4093118942416665 0.40931202169999964
-1.3333333333333333 0.769800358919501 0.36582096443750034 0.36582106865000047
-1.3333333333333333 0.9622504486493763 0.16831433700416673 0.16831442177500006
-1.3333333333333333 1.1547005383792515 0.15172987787500003 0.15172998994999998
-1.3333333333333333 1.3471506281091268 0.16835841075416655 0.16835854802499983
-1.3333333333333333 1.539600717839002 0.36570413068750046 0.36570426990000027
-1.3333333333333333 1.7320508075688772 0.4093118942416662 0.4093120216999996
-1.3333333333333333 1.9245008972987525 0.3658209644375002 0.36582106865000036
-1.3333333333333333 2.116950987028628 0.1683143370041669 0.16831442177500014
-1.3333333333333333 2.309401076758503 0.1517298778749997 0.15172998994999976
-1.1666666666666667 -2.309401076758503 0.15540184257730108 0.1554019657099931
-1.1666666666666667 -2.116950987028628 0.19505212206321518 0.1950522311472132
-1.1666666666666667 -1.9245008972987525 0.6102391881726436 0.6102393500351525
-1.1666666666666667 -1.7320508075688772 0.6276143278726988 0.62761444927334
-1.1666666666666667 -1.539600717839002 0.6102521039617853 0.6102522688611197
-1.1666666666666667 -1.3471506281091268 0.1951682503523561 0.19516836497318008
-1.1666666666666667 -1.1547005383792515 0.15540184257730089 0.15540196570999293
-1.1666666666666667 -0.9622504486493763 0.19505212206321523 0.19505223114721326
-1.1666666666666667 -0.769800358919501 0.6102391881726438 0.6102393500351527
-1.1666666666666667 -0.5773502691896257 0.6276143278726989 0.6276144492733398
-1.1666666666666667 -0.3849001794597505 0.6102521039617848 0.610252268861119
-1.1666666666666667 -0.19245008972987526 0.19516825035235616 0.1951683649731801
-1.1666666666666667 0.0 0.15540184257730105 0.1554019657099931
-1.1666666666666667 0.19245008972987526 0.19505212206321537 0.1950522311472134
-1.1666666666666667 0.3849001794597505 0.6102391881726437 0.6102393500351526
-1.1666666666666667 0.5773502691896257 0.6276143278726987 0.6276144492733395
-1.1666666666666667 0.769800358919501 0.6102521039617851 0.6102522688611194
-1.1666666666666667 0.9622504486493763 0.19516825035235613 0.19516836497318002
-1.1666666666666667 1.1547005383792515 0.15540184257730108 0.15540196570999304
-1.1666666666666667 1.3471506281091268 0.19505212206321532 0.19505223114721332
-1.1666666666666667 1.539600717839002 0.6102391881726439 0.6102393500351528
-1.1666666666666667 1.7320508075688772 0.6276143278726989 0.6276144492733398
-1.1666666666666667 1.9245008972987525 0.610252103961785 0.6102522688611194
-1.1666666666666667 2.116950987028628 0.19516825035235602 0.1951683649731799
-1.1666666666666667 2.309401076758503 0.1554018425773013 0.15540196570999326
-1.0 -2.309401076758503 0.16322513624166674 0.16322526344999982
-1.0 -2.116950987028628 0.22675994743750008 0.22676008814999998
-1.0 -1.9245008972987525 0.622888390254167 0.6228885310250004
-1.0 -1.7320508075688772 0.6294192533749996 0.6294194181999995
-1.0 -1.539600717839002 0.6228883902541669 0.6228885310250002
-1.0 -1.3471506281091268 0.22675994743749994 0.22676008815
-1.0 -1.1547005383792515 0.16322513624166674 0.16322526344999982
-1.0 -0.9622504486493763 0.22675994743750016 0.22676008815
-1.0 -0.769800358919501 0.622888390254167 0.6228885310250003
-1.0 -0.5773502691896257 0.6294192533749996 0.6294194181999995
-1.0 -0.3849001794597505 0.622888390254167 0.6228885310250003
-1.0 -0.19245008972987526 0.2267599474375001 0.22676008815
-1.0 0.0 0.16322513624166674 0.16322526344999982
-1.0 0.19245008972987526 0.2267599474375001 0.2267600881500001
-1.0 0.3849001794597505 0.6228883902541669 0.6228885310250003
-1.0 0.5773502691896257 0.6294192533749996 0.6294194181999995
-1.0 0.769800358919501 0.622888390254167 0.6228885310250003
-1.0 0.9622504486493763 0.22675994743750003 0.22676008815000007
-1.0 1.1547005383792515 0.16322513624166674 0.16322526344999982
-1.0 1.3471506281091268 0.22675994743749997 0.22676008814999998
-1.0 1.539600717839002 0.622888390254167 0.6228885310250003
-1.0 1.7320508075688772 0.6294192533749996 0.6294194181999995
-1.0 1.9245008972987525 0.622888390254167 0.6228885310250003
-1.0 2.116950987028628 0.22675994743750016 0.2267600881500001
-1.0 2.309401076758503 0.16322513624166674 0.16322526344999982
-0.8333333333333334 -2.309401076758503 0.15540184257730139 0.15540196570999337
-0.8333333333333334 -2.116950987028628 0.19516825035235605 0.19516836497317996
-0.8333333333333334 -1.9245008972987525 0.6102521039617848 0.6102522688611193
-0.8333333333333334 -1.7320508075688772 0.6276143278726988 0.6276144492733398
-0.8333333333333334 -1.539600717839002 0.6102391881726437 0.6102393500351527
-0.8333333333333334 -1.3471506281091268 0.19505212206321523 0.1950522311472132
-0.8333333333333334 -1.1547005383792515 0.15540184257730125 0.15540196570999323
-0.8333333333333334 -0.9622504486493763 0.19516825035235633 0.19516836497318021
-0.8333333333333334 -0.769800358919501 0.610252103961785 0.6102522688611194
-0.8333333333333334 -0.5773502691896257 0.6276143278726987 0.6276144492733395
-0.8333333333333334 -0.3849001794597505 0.6102391881726437 0.6102393500351527
-0.8333333333333334 -0.19245008972987526 0.19505212206321532 0.19505223114721337
-0.8333333333333334 0.0 0.15540184257730108 0.15540196570999307
-0.8333333333333334 0.19245008972987526 0.1951682503523562 0.19516836497318005
-0.8333333333333334 0.3849001794597505 0.6102521039617849 0.6102522688611194
-0.8333333333333334 0.5773502691896257 0.6276143278726988 0.6276144492733399
-0.8333333333333334 0.769800358919501 0.6102391881726437 0.6102393500351526
-0.8333333333333334 0.9622504486493763 0.1950521220632154 0.19505223114721346
-0.8333333333333334 1.1547005383792515 0.15540184257730097 0.15540196570999304
-0.8333333333333334 1.3471506281091268 0.19516825035235602 0.19516836497318002
-0.8333333333333334 1.539600717839002 0.610252103961785 0.6102522688611196
-0.8333333333333334 1.7320508075688772 0.6276143278726988 0.6276144492733401
-0.8333333333333334 1.9245008972987525 0.6102391881726434 0.6102393500351525
-0.8333333333333334 2.116950987028628 0.19505212206321526 0.19505223114721335
-0.8333333333333334 2.309401076758503 0.15540184257730108 0.155401965709993
-0.6666666666666666 -2.309401076758503 0.15172987787499953 0.1517299899499996
-0.6666666666666666 -2.116950987028628 0.16831433700416676 0.16831442177499992
-0.6666666666666666 -1.9245008972987525 0.3658209644374997 0.36582106864999986
-0.6666666666666666 -1.7320508075688772 0.40931189424166614 0.4093120216999995
-0.6666666666666666 -1.539600717839002 0.3657041306874997 0.36570426989999977
-0.6666666666666666 -1.3471506281091268 0.1683584107541665 0.16835854802499986
-0.6666666666666666 -1.1547005383792515 0.15172987787500006 0.15172998994999998
-0.6666666666666666 -0.9622504486493763 0.16831433700416665 0.16831442177499992
-0.6666666666666666 -0.769800358919501 0.36582096443750006 0.36582106865000014
-0.6666666666666666 -0.5773502691896257 0.40931189424166614 0.40931202169999936
-0.6666666666666666 -0.3849001794597505 0.3657041306875 0.3657042698999999
-0.6666666666666666 -0.19245008972987526 0.16835841075416663 0.1683585480249999
-0.6666666666666666 0.0 0.15172987787499995 0.15172998994999987
-0.6666666666666666 0.19245008972987526 0.16831433700416676 0.16831442177500006
-0.6666666666666666 0.3849001794597505 0.3658209644375001 0.3658210686500002
-0.6666666666666666 0.5773502691896257 0.40931189424166603 0.4093120216999992
-0.6666666666666666 0.769800358919501 0.3657041306874999 0.3657042698999999
-0.6666666666666666 0.9622504486493763 0.16835841075416652 0.16835854802499975
-0.6666666666666666 1.1547005383792515 0.1517298778750001 0.15172998995
-0.6666666666666666 1.3471506281091268 0.1683143370041665 0.16831442177499983
-0.6666666666666666 1.539600717839002 0.36582096443749995 0.36582106865000014
-0.6666666666666666 1.7320508075688772 0.409311894241666 0.4093120216999993
-0.6666666666666666 1.9245008972987525 0.3657041306874998 0.36570426989999966
-0.6666666666666666 2.116950987028628 0.16835841075416652 0.16835854802499978
-0.6666666666666666 2.309401076758503 0.15172987787499967 0.15172998994999964
-0.5 -2.309401076758503 0.1781601464749999 0.1781602524916665
-0.5 -2.116950987028628 0.16885208439328694 0.1688521850788823
-0.5 -1.9245008972987525 0.16885208439328678 0.16885218507888194
-0.5 -1.7320508075688772 0.17816014647499986 0.17816025249166653
-0.5 -1.539600717839002 0.16891453663171288 0.16891465242945128
-0.5 -1.3471506281091268 0.16891453663171285 0.16891465242945147
-0.5 -1.1547005383792515 0.17816014647499998 0.17816025249166662
-0.5 -0.9622504486493763 0.16885208439328694 0.16885218507888217
-0.5 -0.769800358919501 0.1688520843932869 0.16885218507888208
-0.5 -0.5773502691896257 0.17816014647499992 0.17816025249166653
-0.5 -0.3849001794597505 0.16891453663171282 0.16891465242945136
-0.5 -0.19245008972987526 0.16891453663171282 0.16891465242945133
-0.5 0.0 0.17816014647499992 0.17816025249166656
-0.5 0.19245008972987526 0.16885208439328692 0.16885218507888206
-0.5 0.3849001794597505 0.1688520843932869 0.1688521850788821
-0.5 0.5773502691896257 0.17816014647499992 0.17816025249166656
-0.5 0.769800358919501 0.16891453663171282 0.16891465242945136
-0.5 0.9622504486493763 0.16891453663171282 0.16891465242945128
-0.5 1.1547005383792515 0.17816014647499992 0.17816025249166653
-0.5 1.3471506281091268 0.1688520843932869 0.16885218507888217
-0.5 1.539600717839002 0.16885208439328697 0.16885218507888222
-0.5 1.7320508075688772 0.17816014647499995 0.1781602524916666
-0.5 1.9245008972987525 0.1689145366317128 0.16891465242945136
-0.5 2.116950987028628 0.168914536631713 0.1689146524294514
-0.5 2.309401076758503 0.1781601464749998 0.17816025249166645
-0.3333333333333333 -2.309401076758503 0.4093118942416665 0.4093120216999998
-0.3333333333333333 -2.116950987028628 0.3658209644375001 0.3658210686500002
-0.3333333333333333 -1.9245008972987525 0.1683143370041666 0.168314421775
-0.3333333333333333 -1.7320508075688772 0.15172987787500014 0.1517299899500002
-0.3333333333333333 -1.539600717839002 0.16835841075416672 0.16835854802500008
-0.3333333333333333 -1.3471506281091268 0.36570413068750013 0.36570426990000005
-0.3333333333333333 -1.1547005383792515 0.40931189424166614 0.4093120216999994
-0.3333333333333333 -0.9622504486493763 0.36582096443750034 0.3658210686500005
-0.3333333333333333 -0.769800358919501 0.16831433700416662 0.16831442177499997
-0.3333333333333333 -0.5773502691896257 0.15172987787499978 0.15172998994999984
-0.3333333333333333 -0.3849001794597505 0.1683584107541666 0.16835854802499994
-0.3333333333333333 -0.19245008972987526 0.36570413068750024 0.3657042699000001
-0.3333333333333333 0.0 0.4093118942416663 0.4093120216999995
-0.3333333333333333 0.19245008972987526 0.3658209644375003 0.3658210686500004
-0.3333333333333333 0.3849001794597505 0.16831433700416668 0.16831442177500014
-0.3333333333333333 0.5773502691896257 0.15172987787499986 0.15172998994999987
-0.3333333333333333 0.769800358919501 0.16835841075416655 0.16835854802499997
-0.3333333333333333 0.9622504486493763 0.36570413068750046 0.36570426990000027
-0.3333333333333333 1.1547005383792515 0.40931189424166614 0.40931202169999936
-0.3333333333333333 1.3471506281091268 0.3658209644375 0.3658210686500002
-0.3333333333333333 1.539600717839002 0.16831433700416681 0.16831442177500017
-0.3333333333333333 1.7320508075688772 0.15172987787499997 0.15172998995000012
-0.3333333333333333 1.9245008972987525 0.1683584107541667 0.16835854802499997
-0.3333333333333333 2.116950987028628 0.36570413068749996 0.36570426989999993
-0.3333333333333333 2.309401076758503 0.4093118942416665 0.40931202169999975
-0.16666666666666666 -2.309401076758503 0.6276143278726986 0.6276144492733398
-0.16666666666666666 -2.116950987028628 0.6102521039617848 0.6102522688611194
-0.16666666666666666 -1.9245008972987525 0.19516825035235624 0.19516836497318024
-0.16666666666666666 -1.7320508075688772 0.15540184257730097 0.15540196570999296
-0.16666666666666666 -1.539600717839002 0.19505212206321515 0.19505223114721315
-0.16666666666666666 -1.3471506281091268 0.6102391881726437 0.6102393500351528
-0.16666666666666666 -1.1547005383792515 0.6276143278726989 0.62761444927334
-0.16666666666666666 -0.9622504486493763 0.6102521039617848 0.6102522688611194
-0.16666666666666666 -0.769800358919501 0.19516825035235616 0.1951683649731801
-0.16666666666666666 -0.5773502691896257 0.15540184257730105 0.15540196570999312
-0.16666666666666666 -0.3849001794597505 0.19505212206321526 0.19505223114721326
-0.16666666666666666 -0.19245008972987526 0.6102391881726436 0.6102393500351525
-0.16666666666666666 0.0 0.6276143278726986 0.6276144492733393
-0.16666666666666666 0.19245008972987526 0.6102521039617846 0.610252268861119
-0.16666666666666666 0.3849001794597505 0.19516825035235613 0.19516836497318002
-0.16666666666666666 0.5773502691896257 0.15540184257730114 0.1554019657099932
-0.16666666666666666 0.769800358919501 0.19505212206321537 0.19505223114721343
-0.16666666666666666 0.9622504486493763 0.6102391881726436 0.6102393500351527
-0.16666666666666666 1.1547005383792515 0.6276143278726988 0.6276144492733396
-0.16666666666666666 1.3471506281091268 0.6102521039617851 0.6102522688611196
-0.16666666666666666 1.539600717839002 0.19516825035235605 0.19516836497317994
-0.16666666666666666 1.7320508075688772 0.1554018425773012 0.1554019657099932
-0.16666666666666666 1.9245008972987525 0.1950521220632156 0.19505223114721357
-0.16666666666666666 2.116950987028628 0.6102391881726436 0.6102393500351526
-0.16666666666666666 2.309401076758503 0.6276143278726983 0.6276144492733394
0.0 -2.309401076758503 0.6294192533749996 0.6294194181999995
0.0 -2.116950987028628 0.622888390254167 0.6228885310250004
0.0 -1.9245008972987525 0.22675994743750028 0.2267600881500004
0.0 -1.7320508075688772 0.16322513624166674 0.16322526344999982
0.0 -1.539600717839002 0.22675994743750008 0.22676008814999993
0.0 -1.3471506281091268 0.6228883902541672 0.6228885310250006
0.0 -1.1547005383792515 0.6294192533749996 0.6294194181999995
0.0 -0.9622504486493763 0.6228883902541671 0.6228885310250005
0.0 -0.769800358919501 0.2267599474375002 0.22676008815000015
0.0 -0.5773502691896257 0.16322513624166674 0.16322526344999982
0.0 -0.3849001794597505 0.2267599474375 0.22676008815000004
0.0 -0.19245008972987526 0.622888390254167 0.6228885310250005
0.0 0.0 0.6294192533749996 0.6294194181999995
0.0 0.19245008972987526 0.622888390254167 0.6228885310250005
0.0 0.3849001794597505 0.2267599474375 0.22676008815000004
0.0 0.5773502691896257 0.16322513624166674 0.16322526344999982
0.0 0.769800358919501 0.2267599474375002 0.22676008815000015
0.0 0.9622504486493763 0.6228883902541671 0.6228885310250005
0.0 1.1547005383792515 0.6294192533749996 0.6294194181999995
0.0 1.3471506281091268 0.6228883902541672 0.6228885310250006
0.0 1.539600717839002 0.22675994743750008 0.22676008814999993
0.0 1.7320508075688772 0.16322513624166674 0.16322526344999982
0.0 1.9245008972987525 0.22675994743750028 0.2267600881500004
0.0 2.116950987028628 0.622888390254167 0.6228885310250004
0.0 2.309401076758503 0.6294192533749996 0.6294194181999995
0.16666666666666666 -2.309401076758503 0.6276143278726983 0.6276144492733394
0.16666666666666666 -2.116950987028628 0.6102391881726436 0.6102393500351526
0.16666666666666666 -1.9245008972987525 0.1950521220632156 0.19505223114721357
0.16666666666666666 -1.7320508075688772 0.1554018425773012 0.1554019657099932
0.16666666666666666 -1.539600717839002 0.19516825035235605 0.19516836497317994
0.16666666666666666 -1.3471506281091268 0.6102521039617851 0.6102522688611196
0.16666666666666666 -1.1547005383792515 0.6276143278726988 0.6276144492733396
0.16666666666666666 -0.9622504486493763 0.6102391881726436 0.6102393500351527
0.16666666666666666 -0.769800358919501 0.19505212206321537 0.19505223114721343
0.16666666666666666 -0.5773502691896257 0.15540184257730114 0.1554019657099932
0.16666666666666666 -0.3849001794597505 0.19516825035235613 0.19516836497318002
0.16666666666666666 -0.19245008972987526 0.6102521039617846 0.610252268861119
0.16666666666666666 0.0 0.6276143278726986 0.6276144492733393
0.16666666666666666 0.19245008972987526 0.6102391881726436 0.6102393500351525
0.16666666666666666 0.3849001794597505 0.19505212206321526 0.19505223114721326
0.16666666666666666 0.5773502691896257 0.15540184257730105 0.15540196570999312
0.16666666666666666 0.769800358919501 0.19516825035235616 0.1951683649731801
0.16666666666666666 0.9622504486493763 0.6102521039617848 0.6102522688611194
0.16666666666666666 1.1547005383792515 0.6276143278726989 0.62761444927334
0.16666666666666666 1.3471506281091268 0.6102391881726437 0.6102393500351528
0.16666666666666666 1.539600717839002 0.19505212206321515 0.19505223114721315
0.16666666666666666 1.7320508075688772 0.15540184257730097 0.15540196570999296
0.16666666666666666 1.9245008972987525 0.19516825035235624 0.19516836497318024
0.16666666666666666 2.116950987028628 0.6102521039617848 0.6102522688611194
0.16666666666666666 2.309401076758503 0.6276143278726986 0.6276144492733398
0.3333333333333333 -2.309401076758503 0.4093118942416665 0.40931202169999975
0.3333333333333333 -2.116950987028628 0.36570413068749996 0.36570426989999993
0.3333333333333333 -1.9245008972987525 0.1683584107541667 0.16835854802499997
0.3333333333333333 -1.7320508075688772 0.15172987787499997 0.15172998995000012
0.3333333333333333 -1.539600717839002 0.16831433700416681 0.16831442177500017
0.3333333333333333 -1.3471506281091268 0.3658209644375 0.3658210686500002
0.3333333333333333 -1.1547005383792515 0.40931189424166614 0.40931202169999936
0.3333333333333333 -0.9622504486493763 0.36570413068750046 0.36570426990000027
0.3333333333333333 -0.769800358919501 0.16835841075416655 0.16835854802499997
0.3333333333333333 -0.5773502691896257 0.15172987787499986 0.15172998994999987
0.3333333333333333 -0.3849001794597505 0.16831433700416668 0.16831442177500014
0.3333333333333333 -0.19245008972987526 0.3658209644375003 0.3658210686500004
0.3333333333333333 0.0 0.4093118942416663 0.4093120216999995
0.3333333333333333 0.19245008972987526 0.36570413068750024 0.3657042699000001
0.3333333333333333 0.3849001794597505 0.1683584107541666 0.16835854802499994
0.3333333333333333 0.5773502691896257 0.15172987787499978 0.15172998994999984
0.3333333333333333 0.769800358919501 0.16831433700416662 0.16831442177499997
0.3333333333333333 0.9622504486493763 0.36582096443750034 0.3658210686500005
0.3333333333333333 1.1547005383792515 0.40931189424166614 0.4093120216999994
0.3333333333333333 1.3471506281091268 0.36570413068750013 0.36570426990000005
0.3333333333333333 1.539600717839002 0.16835841075416672 0.16835854802500008
0.3333333333333333 1.7320508075688772 0.15172987787500014 0.1517299899500002
0.3333333333333333 1.9245008972987525 0.1683143370041666 0.168314421775
0.3333333333333333 2.116950987028628 0.3658209644375001 0.3658210686500002
0.3333333333333333 2.309401076758503 0.4093118942416665 0.4093120216999998
0.5 -2.309401076758503 0.1781601464749998 0.17816025249166645
0.5 -2.116950987028628 0.168914536631713 0.1689146524294514
0.5 -1.9245008972987525 0.1689145366317128 0.16891465242945136
0.5 -1.7320508075688772 0.17816014647499995 0.1781602524916666
0.5 -1.539600717839002 0.16885208439328697 0.16885218507888222
0.5 -1.3471506281091268 0.1688520843932869 0.16885218507888217
0.5 -1.1547005383792515 0.17816014647499992 0.17816025249166653
0.5 -0.9622504486493763 0.16891453663171282 0.16891465242945128
0.5 -0.769800358919501 0.16891453663171282 0.16891465242945136
0.5 -0.5773502691896257 0.17816014647499992 0.17816025249166656
0.5 -0.3849001794597505 0.1688520843932869 0.1688521850788821
0.5 -0.19245008972987526 0.16885208439328692 0.16885218507888206
0.5 0.0 0.17816014647499992 0.17816025249166656
0.5 0.19245008972987526 0.16891453663171282 0.16891465242945133
0.5 0.3849001794597505 0.16891453663171282 0.16891465242945136
0.5 0.5773502691896257 0.17816014647499992 0.17816025249166653
0.5 0.769800358919501 0.1688520843932869 0.16885218507888208
0.5 0.9622504486493763 0.16885208439328694 0.16885218507888217
0.5 1.1547005383792515 0.17816014647499998 0.17816025249166662
0.5 1.3471506281091268 0.16891453663171285 0.16891465242945147
0.5 1.539600717839002 0.16891453663171288 0.16891465242945128
0.5 1.7320508075688772 0.17816014647499986 0.17816025249166653
0.5 1.9245008972987525 0.16885208439328678 0.16885218507888194
0.5 2.116950987028628 0.16885208439328694 0.1688521850788823
0.5 2.309401076758503 0.1781601464749999 0.1781602524916665
0.6666666666666666 -2.309401076758503 0.15172987787499967 0.15172998994999964
0.6666666666666666 -2.116950987028628 0.16835841075416652 0.16835854802499978
0.6666666666666666 -1.9245008972987525 0.3657041306874998 0.36570426989999966
0.6666666666666666 -1.7320508075688772 0.409311894241666 0.4093120216999993
0.6666666666666666 -1.539600717839002 0.36582096443749995 0.36582106865000014
0.6666666666666666 -1.3471506281091268 0.1683143370041665 0.16831442177499983
0.6666666666666666 -1.1547005383792515 0.1517298778750001 0.15172998995
0.6666666666666666 -0.9622504486493763 0.16835841075416652 0.16835854802499975
0.6666666666666666 -0.769800358919501 0.3657041306874999 0.3657042698999999
0.6666666666666666 -0.5773502691896257 0.40931189424166603 0.4093120216999992
0.6666666666666666 -0.3849001794597505 0.3658209644375001 0.3658210686500002
0.6666666666666666 -0.19245008972987526 0.16831433700416676 0.16831442177500006
0.6666666666666666 0.0 0.15172987787499995 0.15172998994999987
0.6666666666666666 0.19245008972987526 0.16835841075416663 0.1683585480249999
0.6666666666666666 0.3849001794597505 0.3657041306875 0.3657042698999999
0.6666666666666666 0.5773502691896257 0.40931189424166614 0.40931202169999936
0.6666666666666666 0.769800358919501 0.36582096443750006 0.36582106865000014
0.6666666666666666 0.9622504486493763 0.16831433700416665 0.16831442177499992
0.6666666666666666 1.1547005383792515 0.15172987787500006 0.15172998994999998
0.6666666666666666 1.3471506281091268 0.1683584107541665 0.16835854802499986
0.6666666666666666 1.539600717839002 0.3657041306874997 0.36570426989999977
0.6666666666666666 1.7320508075688772 0.40931189424166614 0.4093120216999995
0.6666666666666666 1.9245008972987525 0.3658209644374997 0.36582106864999986
0.6666666666666666 2.116950987028628 0.16831433700416676 0.16831442177499992
0.6666666666666666 2.309401076758503 0.15172987787499953 0.1517299899499996
0.8333333333333334 -2.309401076758503 0.15540184257730108 0.155401965709993
0.8333333333333334 -2.116950987028628 0.19505212206321526 0.19505223114721335
0.8333333333333334 -1.9245008972987525 0.6102391881726434 0.6102393500351525
0.8333333333333334 -1.7320508075688772 0.6276143278726988 0.6276144492733401
0.8333333333333334 -1.539600717839002 0.610252103961785 0.6102522688611196
0.8333333333333334 -1.3471506281091268 0.19516825035235602 0.19516836497318002
0.8333333333333334 -1.1547005383792515 0.15540184257730097 0.15540196570999304
0.8333333333333334 -0.9622504486493763 0.1950521220632154 0.19505223114721346
0.8333333333333334 -0.769800358919501 0.6102391881726437 0.6102393500351526
0.8333333333333334 -0.5773502691896257 0.6276143278726988 0.6276144492733399
0.8333333333333334 -0.3849001794597505 0.6102521039617849 0.6102522688611194
0.8333333333333334 -0.19245008972987526 0.1951682503523562 0.19516836497318005
0.8333333333333334 0.0 0.15540184257730108 0.15540196570999307
0.8333333333333334 0.19245008972987526 0.19505212206321532 0.19505223114721337
0.8333333333333334 0.3849001794597505 0.6102391881726437 0.6102393500351527
0.8333333333333334 0.5773502691896257 0.6276143278726987 0.6276144492733395
0.8333333333333334 0.769800358919501 0.610252103961785 0.6102522688611194
0.8333333333333334 0.9622504486493763 0.19516825035235633 0.19516836497318021
0.8333333333333334 1.1547005383792515 0.15540184257730125 0.15540196570999323
0.8333333333333334 1.3471506281091268 0.19505212206321523 0.1950522311472132
0.8333333333333334 1.539600717839002 0.6102391881726437 0.6102393500351527
0.8333333333333334 1.7320508075688772 0.6276143278726988 0.6276144492733398
0.8333333333333334 1.9245008972987525 0.6102521039617848 0.6102522688611193
0.8333333333333334 2.116950987028628 0.19516825035235605 0.19516836497317996
0.8333333333333334 2.309401076758503 0.15540184257730139 0.15540196570999337
1.0 -2.309401076758503 0.16322513624166674 0.16322526344999982
1.0 -2.116950987028628 0.22675994743750016 0.2267600881500001
1.0 -1.9245008972987525 0.622888390254167 0.6228885310250003
1.0 -1.7320508075688772 0.6294192533749996 0.6294194181999995
1.0 -1.539600717839002 0.622888390254167 0.6228885310250003
1.0 -1.3471506281091268 0.22675994743749997 0.22676008814999998
1.0 -1.1547005383792515 0.16322513624166674 0.16322526344999982
1.0 -0.9622504486493763 0.22675994743750003 0.22676008815000007
1.0 -0.769800358919501 0.622888390254167 0.6228885310250003
1.0 -0.5773502691896257 0.6294192533749996 0.6294194181999995
1.0 -0.3849001794597505 0.6228883902541669 0.6228885310250003
1.0 -0.19245008972987526 0.2267599474375001 0.2267600881500001
1.0 0.0 0.16322513624166674 0.16322526344999982
1.0 0.19245008972987526 0.2267599474375001 0.22676008815
1.0 0.3849001794597505 0.622888390254167 0.6228885310250003
1.0 0.5773502691896257 0.6294192533749996 0.6294194181999995
1.0 0.769800358919501 0.622888390254167 0.6228885310250003
1.0 0.9622504486493763 0.22675994743750016 0.22676008815
1.0 1.1547005383792515 0.16322513624166674 0.16322526344999982
1.0 1.3471506281091268 0.22675994743749994 0.22676008815
1.0 1.539600717839002 0.6228883902541669 0.6228885310250002
1.0 1.7320508075688772 0.6294192533749996 0.6294194181999995
1.0 1.9245008972987525 0.622888390254167 0.6228885310250004
1.0 2.116950987028628 0.22675994743750008 0.22676008814999998
1.0 2.309401076758503 0.16322513624166674 0.16322526344999982
1.1666666666666667 -2.309401076758503 0.1554018425773013 0.15540196570999326
1.1666666666666667 -2.116950987028628 0.19516825035235602 0.1951683649731799
1.1666666666666667 -1.9245008972987525 0.610252103961785 0.6102522688611194
1.1666666666666667 -1.7320508075688772 0.6276143278726989 0.6276144492733398
1.1666666666666667 -1.539600717839002 0.6102391881726439 0.6102393500351528
1.1666666666666667 -1.3471506281091268 0.19505212206321532 0.19505223114721332
1.1666666666666667 -1.1547005383792515 0.15540184257730108 0.15540196570999304
1.1666666666666667 -0.9622504486493763 0.19516825035235613 0.19516836497318002
1.1666666666666667 -0.769800358919501 0.6102521039617851 0.6102522688611194
1.1666666666666667 -0.5773502691896257 0.6276143278726987 0.6276144492733395
1.1666666666666667 -0.3849001794597505 0.6102391881726437 0.6102393500351526
1.1666666666666667 -0.19245008972987526 0.19505212206321537 0.1950522311472134
1.1666666666666667 0.0 0.15540184257730105 0.1554019657099931
1.1666666666666667 0.19245008972987526 0.19516825035235616 0.1951683649731801
1.1666666666666667 0.3849001794597505 0.6102521039617848 0.610252268861119
1.1666666666666667 0.5773502691896257 0.6276143278726989 0.6276144492733398
1.1666666666666667 0.769800358919501 0.6102391881726438 0.6102393500351527
1.1666666666666667 0.9622504486493763 0.19505212206321523 0.19505223114721326
1.1666666666666667 1.1547005383792515 0.15540184257730089 0.15540196570999293
1.1666666666666667 1.3471506281091268 0.1951682503523561 0.19516836497318008
1.1666666666666667 1.539600717839002 0.6102521039617853 0.6102522688611197
1.1666666666666667 1.7320508075688772 0.6276143278726988 0.62761444927334
1.1666666666666667 1.9245008972987525 0.6102391881726436 0.6102393500351525
1.1666666666666667 2.116950987028628 0.19505212206321518 0.1950522311472132
1.1666666666666667 2.309401076758503 0.15540184257730108 0.1554019657099931
1.3333333333333333 -2.309401076758503 0.1517298778749997 0.15172998994999976
1.3333333333333333 -2.116950987028628 0.1683143370041669 0.16831442177500014
1.3333333333333333 -1.9245008972987525 0.3658209644375002 0.36582106865000036
1.3333333333333333 -1.7320508075688772 0.4093118942416662 0.4093120216999996
1.3333333333333333 -1.539600717839002 0.36570413068750046 0.36570426990000027
1.3333333333333333 -1.3471506281091268 0.16835841075416655 0.16835854802499983
1.3333333333333333 -1.1547005383792515 0.15172987787500003 0.15172998994999998
1.3333333333333333 -0.9622504486493763 0.16831433700416673 0.16831442177500006
1.3333333333333333 -0.769800358919501 0.36582096443750034 0.36582106865000047
1.3333333333333333 -0.5773502691896257 0.4093118942416665 0.40931202169999964
1.3333333333333333 -0.3849001794597505 0.36570413068750046 0.3657042699000004
1.3333333333333333 -0.19245008972987526 0.16835841075416658 0.16835854802499992
1.3333333333333333 0.0 0.15172987787499986 0.15172998994999987
1.3333333333333333 0.19245008972987526 0.16831433700416668 0.16831442177500003
1.3333333333333333 0.3849001794597505 0.3658209644375004 0.3658210686500005
1.3333333333333333 0.5773502691896257 0.4093118942416665 0.4093120216999998
1.3333333333333333 0.769800358919501 0.36570413068750046 0.3657042699000002
1.3333333333333333 0.9622504486493763 0.16835841075416658 0.16835854802499986
1.3333333333333333 1.1547005383792515 0.15172987787500009 0.15172998995000003
1.3333333333333333 1.3471506281091268 0.16831433700416648 0.1683144217749998
1.3333333333333333 1.539600717839002 0.3658209644375004 0.3658210686500006
1.3333333333333333 1.7320508075688772 0.40931189424166625 0.40931202169999964
1.3333333333333333 1.9245008972987525 0.3657041306875002 0.36570426990000005
1.3333333333333333 2.116950987028628 0.16835841075416674 0.16835854802499997
1.3333333333333333 2.309401076758503 0.15172987787499967 0.1517299899499997
1.5 -2.309401076758503 0.17816014647499984 0.1781602524916665
1.5 -2.116950987028628 0.16885208439328703 0.16885218507888236
1.5 -1.9245008972987525 0.16885208439328675 0.16885218507888194
1.5 -1.7320508075688772 0.17816014647499961 0.17816025249166625
1.5 -1.539600717839002 0.168914536631713 0.16891465242945133
1.5 -1.3471506281091268 0.1689145366317129 0.1689146524294514
1.5 -1.1547005383792515 0.1781601464749998 0.17816025249166648
1.5 -0.9622504486493763 0.16885208439328692 0.16885218507888214
1.5 -0.769800358919501 0.16885208439328694 0.16885218507888217
1.5 -0.5773502691896257 0.17816014647499998 0.17816025249166662
1.5 -0.3849001794597505 0.16891453663171288 0.16891465242945136
1.5 -0.19245008972987526 0.16891453663171282 0.1689146524294513
1.5 0.0 0.17816014647499992 0.17816025249166656
1.5 0.19245008972987526 0.1688520843932869 0.16885218507888206
1.5 0.3849001794597505 0.16885208439328692 0.1688521850788821
1.5 0.5773502691896257 0.17816014647499998 0.1781602524916666
1.5 0.769800358919501 0.16891453663171285 0.1689146524294514
1.5 0.9622504486493763 0.16891453663171282 0.16891465242945122
1.5 1.1547005383792515 0.17816014647499973 0.1781602524916664
1.5 1.3471506281091268 0.16885208439328686 0.16885218507888208
1.5 1.539600717839002 0.168852084393287 0.16885218507888225
1.5 1.7320508075688772 0.17816014647499964 0.17816025249166628
1.5 1.9245008972987525 0.1689145366317128 0.1689146524294513
1.5 2.116950987028628 0.16891453663171294 0.16891465242945136
1.5 2.309401076758503 0.17816014647499961 0.17816025249166623
1.6666666666666667 -2.309401076758503 0.4093118942416664 0.40931202169999975
1.6666666666666667 -2.116950987028628 0.3658209644375 0.36582106865
1.6666666666666667 -1.9245008972987525 0.16831433700416643 0.16831442177499983
1.6666666666666667 -1.7320508075688772 0.15172987787500014 0.15172998995000006
1.6666666666666667 -1.539600717839002 0.16835841075416666 0.16835854802500005
1.6666666666666667 -1.3471506281091268 0.36570413068750013 0.3657042699
1.6666666666666667 -1.1547005383792515 0.4093118942416663 0.4093120216999994
1.6666666666666667 -0.9622504486493763 0.36582096443750034 0.3658210686500005
1.6666666666666667 -0.769800358919501 0.16831433700416676 0.16831442177500003
1.6666666666666667 -0.5773502691896257 0.15172987787499992 0.15172998994999992
1.6666666666666667 -0.3849001794597505 0.16835841075416652 0.16835854802499997
1.6666666666666667 -0.19245008972987526 0.36570413068750024 0.36570426990000016
1.6666666666666667 0.0 0.4093118942416663 0.4093120216999995
1.6666666666666667 0.19245008972987526 0.36582096443750023 0.3658210686500003
1.6666666666666667 0.3849001794597505 0.16831433700416668 0.1683144217750001
1.6666666666666667 0.5773502691896257 0.15172987787499986 0.1517299899499998
1.6666666666666667 0.769800358919501 0.16835841075416672 0.16835854802500008
1.6666666666666667 0.9622504486493763 0.3657041306875003 0.3657042699000002
1.6666666666666667 1.1547005383792515 0.40931189424166614 0.40931202169999936
1.6666666666666667 1.3471506281091268 0.36582096443749995 0.36582106865000014
1.6666666666666667 1.539600717839002 0.16831433700416687 0.16831442177500014
1.6666666666666667 1.7320508075688772 0.15172987787499995 0.15172998995000012
1.6666666666666667 1.9245008972987525 0.1683584107541665 0.16835854802499978
1.6666666666666667 2.116950987028628 0.36570413068749985 0.3657042698999997
1.6666666666666667 2.309401076758503 0.4093118942416661 0.4093120216999995
1.8333333333333333 -2.309401076758503 0.6276143278726987 0.62761444927334
1.8333333333333333 -2.116950987028628 0.6102521039617848 0.6102522688611194
1.8333333333333333 -1.9245008972987525 0.19516825035235605 0.19516836497318002
1.8333333333333333 -1.7320508075688772 0.15540184257730086 0.15540196570999296
1.8333333333333333 -1.539600717839002 0.19505212206321515 0.19505223114721323
1.8333333333333333 -1.3471506281091268 0.6102391881726436 0.6102393500351528
1.8333333333333333 -1.1547005383792515 0.6276143278726989 0.6276144492733401
1.8333333333333333 -0.9622504486493763 0.6102521039617844 0.610252268861119
1.8333333333333333 -0.769800358919501 0.19516825035235605 0.19516836497318005
1.8333333333333333 -0.5773502691896257 0.155401842577301 0.15540196570999304
1.8333333333333333 -0.3849001794597505 0.19505212206321532 0.1950522311472133
1.8333333333333333 -0.19245008972987526 0.6102391881726436 0.6102393500351525
1.8333333333333333 0.0 0.6276143278726986 0.6276144492733393
1.8333333333333333 0.19245008972987526 0.6102521039617848 0.6102522688611194
1.8333333333333333 0.3849001794597505 0.19516825035235605 0.19516836497318
1.8333333333333333 0.5773502691896257 0.15540184257730094 0.15540196570999307
1.8333333333333333 0.769800358919501 0.1950521220632153 0.19505223114721326
1.8333333333333333 0.9622504486493763 0.6102391881726433 0.6102393500351525
1.8333333333333333 1.1547005383792515 0.6276143278726988 0.6276144492733396
1.8333333333333333 1.3471506281091268 0.6102521039617851 0.6102522688611194
1.8333333333333333 1.539600717839002 0.19516825035235597 0.19516836497317994
1.8333333333333333 1.7320508075688772 0.15540184257730102 0.1554019657099931
1.8333333333333333 1.9245008972987525 0.1950521220632154 0.1950522311472134
1.8333333333333333 2.116950987028628 0.6102391881726437 0.6102393500351527
1.8333333333333333 2.309401076758503 0.6276143278726986 0.6276144492733393
2.0 -2.309401076758503 0.6294192533749996 0.6294194181999995
2.0 -2.116950987028628 0.6228883902541669 0.6228885310250003
2.0 -1.9245008972987525 0.22675994743750022 0.22676008815000026
2.0 -1.7320508075688772 0.16322513624166674 0.16322526344999982
2.0 -1.539600717839002 0.22675994743750005 0.2267600881500001
2.0 -1.3471506281091268 0.6228883902541671 0.6228885310250005
2.0 -1.1547005383792515 0.6294192533749996 0.6294194181999995
2.0 -0.9622504486493763 0.622888390254167 0.6228885310250004
2.0 -0.769800358919501 0.2267599474375002 0.2267600881500002
2.0 -0.5773502691896257 0.16322513624166674 0.16322526344999982
2.0 -0.3849001794597505 0.22675994743749994 0.22676008815
2.0 -0.19245008972987526 0.622888390254167 0.6228885310250004
2.0 0.0 0.6294192533749996 0.6294194181999995
2.0 0.19245008972987526 0.622888390254167 0.6228885310250004
2.0 0.3849001794597505 0.22675994743750005 0.2267600881500001
2.0 0.5773502691896257 0.16322513624166674 0.16322526344999982
2.0 0.769800358919501 0.2267599474375001 0.22676008815000015
2.0 0.9622504486493763 0.622888390254167 0.6228885310250003
2.0 1.1547005383792515 0.6294192533749996 0.6294194181999995
2.0 1.3471506281091268 0.622888390254167 0.6228885310250006
2.0 1.539600717839002 0.22675994743750005 0.22676008814999987
2.0 1.7320508075688772 0.16322513624166674 0.16322526344999982
2.0 1.9245008972987525 0.22675994743750022 0.22676008815000037
2.0 2.116950987028628 0.6228883902541668 0.6228885310250004
2.0 2.309401076758503 0.6294192533749996 0.6294194181999995
