24 24 0.30442868887500035
-2.0 -2.309401076758503 0.03551198027500001 0.025533399241666678 0.09655735979166669
-2.0 -2.116950987028628 0.058436460100000004 0.05581214392500002 0.17268506412499993
-2.0 -1.9245008972987525 0.08088353365000005 0.09254117674166676 0.2543082440416665
-2.0 -1.7320508075688772 0.10134603972500004 0.10173660942500003 0.30442868887500035
-2.0 -1.539600717839002 0.08088353365000005 0.09254117674166674 0.25430824404166663
-2.0 -1.3471506281091268 0.0584364601 0.055812143924999995 0.17268506412499998
-2.0 -1.1547005383792515 0.03551198027500001 0.025533399241666678 0.09655735979166669
-2.0 -0.9622504486493763 0.05843646010000002 0.05581214392500001 0.17268506412499998
-2.0 -0.769800358919501 0.08088353365000003 0.09254117674166676 0.25430824404166674
-2.0 -0.5773502691896257 0.10134603972500004 0.10173660942500003 0.30442868887500035
-2.0 -0.3849001794597505 0.0808835336500001 0.09254117674166676 0.2543082440416667
-2.0 -0.19245008972987526 0.05843646009999999 0.05581214392499998 0.17268506412499984
-2.0 0.0 0.03551198027500001 0.025533399241666678 0.09655735979166669
-2.0 0.19245008972987526 0.058436460099999976 0.05581214392499998 0.17268506412499987
-2.0 0.3849001794597505 0.08088353365000009 0.09254117674166677 0.25430824404166674
-2.0 0.5773502691896257 0.10134603972500004 0.10173660942500003 0.30442868887500035
-2.0 0.769800358919501 0.08088353365000006 0.09254117674166679 0.2543082440416667
-2.0 0.9622504486493763 0.05843646010000002 0.05581214392500001 0.17268506412499993
-2.0 1.1547005383792515 0.03551198027500001 0.025533399241666678 0.09655735979166669
-2.0 1.3471506281091268 0.05843646010000001 0.055812143924999946 0.17268506412499993
-2.0 1.539600717839002 0.08088353365000008 0.09254117674166672 0.25430824404166674
-2.0 1.7320508075688772 0.10134603972500004 0.10173660942500003 0.30442868887500035
-2.0 1.9245008972987525 0.08088353365000008 0.09254117674166676 0.25430824404166646
-2.0 2.116950987028628 0.05843646010000003 0.055812143924999995 0.17268506412500004
-2.0 2.309401076758503 0.03551198027500001 0.025533399241666678 0.09655735979166669
-1.8333333333333333 -2.309401076758503 0.06056507219584422 0.06128913186376807 0.1824192762554563
-1.8333333333333333 -2.116950987028628 0.06927409791185118 0.06898641138240963 0.20753460720611203
-1.8333333333333333 -1.9245008972987525 0.09368513361016348 0.09494943390456269 0.2823197011248895
-1.8333333333333333 -1.7320508075688772 0.10005636155415594 0.09890956521956554 0.29902228832787686
-1.8333333333333333 -1.539600717839002 0.09368511933814884 0.094949419700924 0.28231965837722095
-1.8333333333333333 -1.3471506281091268 0.06927415663983656 0.06898647292877064 0.20753478620844357
-1.8333333333333333 -1.1547005383792515 0.060565072195844234 0.061289131863768054 0.1824192762554563
-1.8333333333333333 -0.9622504486493763 0.06927409791185121 0.06898641138240963 0.20753460720611205
-1.8333333333333333 -0.769800358919501 0.09368513361016349 0.09494943390456277 0.2823197011248895
-1.8333333333333333 -0.5773502691896257 0.10005636155415595 0.09890956521956551 0.2990222883278769
-1.8333333333333333 -0.3849001794597505 0.09368511933814885 0.094949419700924 0.282319658377221
-1.8333333333333333 -0.19245008972987526 0.0692741566398366 0.06898647292877061 0.20753478620844357
-1.8333333333333333 0.0 0.06056507219584424 0.06128913186376805 0.18241927625545615
-1.8333333333333333 0.19245008972987526 0.0692740979118512 0.06898641138240963 0.20753460720611205
-1.8333333333333333 0.3849001794597505 0.09368513361016348 0.09494943390456274 0.2823197011248896
-1.8333333333333333 0.5773502691896257 0.1000563615541559 0.09890956521956551 0.2990222883278769
-1.8333333333333333 0.769800358919501 0.09368511933814888 0.094949419700924 0.28231965837722095
-1.8333333333333333 0.9622504486493763 0.06927415663983662 0.06898647292877064 0.20753478620844354
-1.8333333333333333 1.1547005383792515 0.06056507219584423 0.06128913186376802 0.18241927625545615
-1.8333333333333333 1.3471506281091268 0.06927409791185117 0.06898641138240966 0.20753460720611216
-1.8333333333333333 1.539600717839002 0.09368513361016349 0.09494943390456274 0.2823197011248896
-1.8333333333333333 1.7320508075688772 0.1000563615541559 0.09890956521956551 0.299022288327877
-1.8333333333333333 1.9245008972987525 0.09368511933814888 0.09494941970092398 0.28231965837722095
-1.8333333333333333 2.116950987028628 0.06927415663983659 0.06898647292877064 0.20753478620844354
-1.8333333333333333 2.309401076758503 0.06056507219584422 0.06128913186376804 0.18241927625545612
-1.6666666666666667 -2.309401076758503 0.1046119400375 0.08904787153749999 0.2982717516125002
-1.6666666666666667 -2.116950987028628 0.0936888809625 0.0937178570041667 0.2810956189291666
-1.6666666666666667 -1.9245008972987525 0.09867492003749995 0.1042745810375 0.30162442111250015
-1.6666666666666667 -1.7320508075688772 0.09718031121250013 0.09568252437916669 0.29004314680416654
-1.6666666666666667 -1.539600717839002 0.09867490778749996 0.10427457466250008 0.30162439023750015
-1.6666666666666667 -1.3471506281091268 0.09368887621249997 0.09371785637916678 0.2810956088041666
-1.6666666666666667 -1.1547005383792515 0.10461194003749999 0.08904787153749996 0.2982717516125001
-1.6666666666666667 -0.9622504486493763 0.09368888096249997 0.09371785700416664 0.28109561892916657
-1.6666666666666667 -0.769800358919501 0.09867492003749988 0.10427458103750002 0.30162442111250004
-1.6666666666666667 -0.5773502691896257 0.09718031121250015 0.09568252437916669 0.29004314680416654
-1.6666666666666667 -0.3849001794597505 0.09867490778749995 0.10427457466250009 0.30162439023750015
-1.6666666666666667 -0.19245008972987526 0.09368887621250002 0.09371785637916676 0.2810956088041667
-1.6666666666666667 0.0 0.1046119400374999 0.08904787153749993 0.29827175161250014
-1.6666666666666667 0.19245008972987526 0.09368888096250004 0.09371785700416668 0.2810956189291667
-1.6666666666666667 0.3849001794597505 0.09867492003749993 0.10427458103750001 0.3016244211125002
-1.6666666666666667 0.5773502691896257 0.0971803112125001 0.09568252437916669 0.2900431468041665
-1.6666666666666667 0.769800358919501 0.09867490778749995 0.10427457466250009 0.30162439023750015
-1.6666666666666667 0.9622504486493763 0.09368887621250001 0.09371785637916677 0.28109560880416656
-1.6666666666666667 1.1547005383792515 0.10461194003749996 0.08904787153749993 0.2982717516125001
-1.6666666666666667 1.3471506281091268 0.09368888096250004 0.09371785700416668 0.2810956189291667
-1.6666666666666667 1.539600717839002 0.09867492003749993 0.10427458103749995 0.30162442111250026
-1.6666666666666667 1.7320508075688772 0.09718031121250005 0.09568252437916666 0.2900431468041665
-1.6666666666666667 1.9245008972987525 0.09867490778749995 0.10427457466250012 0.30162439023750004
-1.6666666666666667 2.116950987028628 0.09368887621250001 0.09371785637916678 0.28109560880416656
-1.6666666666666667 2.309401076758503 0.10461194003749996 0.08904787153749995 0.2982717516125001
-1.5 -2.309401076758503 0.09496498250000004 0.09528826816666669 0.2852182331666667
-1.5 -2.116950987028628 0.10008451852841183 0.09994086103695696 0.30010989809378036
-1.5 -1.9245008972987525 0.10008451852841178 0.09994086103695698 0.30010989809378036
-1.5 -1.7320508075688772 0.09496498250000002 0.09528826816666668 0.2852182331666666
-1.5 -1.539600717839002 0.10008446772158816 0.09994079579637649 0.3001097312395526
-1.5 -1.3471506281091268 0.10008446772158815 0.09994079579637649 0.3001097312395526
-1.5 -1.1547005383792515 0.09496498250000002 0.09528826816666668 0.2852182331666666
-1.5 -0.9622504486493763 0.10008451852841181 0.09994086103695698 0.30010989809378036
-1.5 -0.769800358919501 0.10008451852841177 0.09994086103695698 0.30010989809378036
-1.5 -0.5773502691896257 0.0949649825 0.09528826816666665 0.2852182331666666
-1.5 -0.3849001794597505 0.10008446772158819 0.09994079579637649 0.3001097312395526
-1.5 -0.19245008972987526 0.10008446772158816 0.09994079579637649 0.3001097312395526
-1.5 0.0 0.09496498250000002 0.09528826816666665 0.2852182331666666
-1.5 0.19245008972987526 0.10008451852841183 0.09994086103695696 0.30010989809378036
-1.5 0.3849001794597505 0.1000845185284118 0.09994086103695698 0.30010989809378036
-1.5 0.5773502691896257 0.09496498250000002 0.09528826816666665 0.2852182331666666
-1.5 0.769800358919501 0.10008446772158813 0.09994079579637649 0.3001097312395526
-1.5 0.9622504486493763 0.10008446772158816 0.09994079579637649 0.3001097312395525
-1.5 1.1547005383792515 0.09496498250000002 0.09528826816666665 0.2852182331666666
-1.5 1.3471506281091268 0.1000845185284118 0.09994086103695696 0.30010989809378036
-1.5 1.539600717839002 0.1000845185284118 0.09994086103695696 0.30010989809378036
-1.5 1.7320508075688772 0.09496498250000002 0.09528826816666668 0.2852182331666666
-1.5 1.9245008972987525 0.10008446772158817 0.09994079579637649 0.30010973123955265
-1.5 2.116950987028628 0.10008446772158815 0.09994079579637649 0.3001097312395525
-1.5 2.309401076758503 0.09496498250000002 0.09528826816666665 0.2852182331666666
-1.3333333333333333 -2.309401076758503 0.09718031121250008 0.0956825243791667 0.2900431468041666
-1.3333333333333333 -2.116950987028628 0.09867492003749995 0.10427458103749998 0.3016244211125002
-1.3333333333333333 -1.9245008972987525 0.09368888096249998 0.09371785700416665 0.28109561892916657
-1.3333333333333333 -1.7320508075688772 0.1046119400375 0.08904787153749993 0.29827175161250025
-1.3333333333333333 -1.539600717839002 0.09368887621250001 0.09371785637916674 0.2810956088041666
-1.3333333333333333 -1.3471506281091268 0.09867490778749995 0.10427457466250015 0.30162439023750015
-1.3333333333333333 -1.1547005383792515 0.09718031121250005 0.09568252437916669 0.29004314680416654
-1.3333333333333333 -0.9622504486493763 0.09867492003749995 0.10427458103750001 0.3016244211125002
-1.3333333333333333 -0.769800358919501 0.0936888809625 0.09371785700416665 0.2810956189291666
-1.3333333333333333 -0.5773502691896257 0.10461194003749992 0.08904787153749993 0.29827175161249997
-1.3333333333333333 -0.3849001794597505 0.0936888762125 0.09371785637916673 0.2810956088041666
-1.3333333333333333 -0.19245008972987526 0.09867490778749993 0.10427457466250012 0.30162439023750015
-1.3333333333333333 0.0 0.0971803112125001 0.09568252437916669 0.2900431468041666
-1.3333333333333333 0.19245008972987526 0.09867492003749992 0.10427458103750002 0.3016244211125002
-1.3333333333333333 0.3849001794597505 0.09368888096250004 0.09371785700416667 0.28109561892916674
-1.3333333333333333 0.5773502691896257 0.10461194003749998 0.08904787153749993 0.2982717516125001
-1.3333333333333333 0.769800358919501 0.09368887621249997 0.09371785637916673 0.28109560880416656
-1.3333333333333333 0.9622504486493763 0.09867490778749992 0.10427457466250008 0.30162439023750015
-1.3333333333333333 1.1547005383792515 0.09718031121250015 0.09568252437916672 0.29004314680416654
-1.3333333333333333 1.3471506281091268 0.09867492003749993 0.10427458103750002 0.3016244211125001
-1.3333333333333333 1.539600717839002 0.09368888096249998 0.09371785700416667 0.2810956189291667
-1.3333333333333333 1.7320508075688772 0.10461194003749999 0.08904787153749996 0.2982717516125001
-1.3333333333333333 1.9245008972987525 0.09368887621249995 0.09371785637916673 0.28109560880416673
-1.3333333333333333 2.116950987028628 0.09867490778749992 0.10427457466250008 0.30162439023750026
-1.3333333333333333 2.309401076758503 0.09718031121250015 0.09568252437916672 0.2900431468041665
-1.1666666666666667 -2.309401076758503 0.10005636155415593 0.09890956521956548 0.29902228832787686
-1.1666666666666667 -2.116950987028628 0.09368513361016348 0.09494943390456274 0.2823197011248896
-1.1666666666666667 -1.9245008972987525 0.06927409791185118 0.06898641138240966 0.20753460720611203
-1.1666666666666667 -1.7320508075688772 0.060565072195844186 0.06128913186376803 0.18241927625545612
-1.1666666666666667 -1.539600717839002 0.06927415663983658 0.06898647292877062 0.20753478620844354
-1.1666666666666667 -1.3471506281091268 0.09368511933814887 0.09494941970092398 0.282319658377221
-1.1666666666666667 -1.1547005383792515 0.10005636155415591 0.09890956521956551 0.299022288327877
-1.1666666666666667 -0.9622504486493763 0.09368513361016348 0.09494943390456274 0.2823197011248895
-1.1666666666666667 -0.769800358919501 0.06927409791185118 0.06898641138240963 0.20753460720611208
-1.1666666666666667 -0.5773502691896257 0.06056507219584423 0.06128913186376802 0.1824192762554561
-1.1666666666666667 -0.3849001794597505 0.06927415663983659 0.06898647292877062 0.20753478620844346
-1.1666666666666667 -0.19245008972987526 0.09368511933814884 0.094949419700924 0.28231965837722095
-1.1666666666666667 0.0 0.10005636155415597 0.09890956521956551 0.2990222883278768
-1.1666666666666667 0.19245008972987526 0.09368513361016347 0.09494943390456274 0.2823197011248896
-1.1666666666666667 0.3849001794597505 0.0692740979118512 0.06898641138240963 0.207534607206112
-1.1666666666666667 0.5773502691896257 0.06056507219584423 0.06128913186376805 0.18241927625545615
-1.1666666666666667 0.769800358919501 0.0692741566398366 0.06898647292877062 0.20753478620844346
-1.1666666666666667 0.9622504486493763 0.09368511933814883 0.094949419700924 0.282319658377221
-1.1666666666666667 1.1547005383792515 0.10005636155415595 0.09890956521956554 0.2990222883278768
-1.1666666666666667 1.3471506281091268 0.09368513361016348 0.09494943390456277 0.2823197011248896
-1.1666666666666667 1.539600717839002 0.06927409791185117 0.06898641138240962 0.20753460720611197
-1.1666666666666667 1.7320508075688772 0.06056507219584419 0.06128913186376804 0.1824192762554562
-1.1666666666666667 1.9245008972987525 0.06927415663983656 0.06898647292877064 0.20753478620844348
-1.1666666666666667 2.116950987028628 0.09368511933814884 0.094949419700924 0.282319658377221
-1.1666666666666667 2.309401076758503 0.10005636155415595 0.09890956521956551 0.2990222883278768
-1.0 -2.309401076758503 0.10134603972500004 0.10173660942500003 0.30442868887500035
-1.0 -2.116950987028628 0.08088353365000006 0.09254117674166674 0.25430824404166663
-1.0 -1.9245008972987525 0.05843646010000002 0.055812143924999995 0.1726850641249999
-1.0 -1.7320508075688772 0.03551198027500001 0.025533399241666678 0.09655735979166669
-1.0 -1.539600717839002 0.05843646009999999 0.05581214392500001 0.172685064125
-1.0 -1.3471506281091268 0.08088353365000006 0.09254117674166676 0.25430824404166674
-1.0 -1.1547005383792515 0.10134603972500004 0.10173660942500003 0.30442868887500035
-1.0 -0.9622504486493763 0.08088353365000006 0.09254117674166677 0.2543082440416667
-1.0 -0.769800358919501 0.058436460100000004 0.055812143924999995 0.17268506412499998
-1.0 -0.5773502691896257 0.03551198027500001 0.025533399241666678 0.09655735979166669
-1.0 -0.3849001794597505 0.05843646009999996 0.05581214392499997 0.1726850641249999
-1.0 -0.19245008972987526 0.08088353365000009 0.09254117674166679 0.25430824404166674
-1.0 0.0 0.10134603972500004 0.10173660942500003 0.30442868887500035
-1.0 0.19245008972987526 0.08088353365000008 0.09254117674166679 0.2543082440416668
-1.0 0.3849001794597505 0.05843646009999996 0.05581214392499998 0.1726850641249999
-1.0 0.5773502691896257 0.03551198027500001 0.025533399241666678 0.09655735979166669
-1.0 0.769800358919501 0.05843646009999999 0.05581214392500001 0.17268506412499998
-1.0 0.9622504486493763 0.08088353365000008 0.09254117674166677 0.2543082440416667
-1.0 1.1547005383792515 0.10134603972500004 0.10173660942500003 0.30442868887500035
-1.0 1.3471506281091268 0.08088353365000008 0.09254117674166679 0.2543082440416667
-1.0 1.539600717839002 0.05843646009999999 0.05581214392500001 0.17268506412500004
-1.0 1.7320508075688772 0.03551198027500001 0.025533399241666678 0.09655735979166669
-1.0 1.9245008972987525 0.05843646009999998 0.05581214392500001 0.17268506412499995
-1.0 2.116950987028628 0.08088353365000006 0.09254117674166672 0.2543082440416667
-1.0 2.309401076758503 0.10134603972500004 0.10173660942500003 0.30442868887500035
-0.8333333333333334 -2.309401076758503 0.10005636155415595 0.09890956521956551 0.2990222883278768
-0.8333333333333334 -2.116950987028628 0.09368511933814885 0.094949419700924 0.28231965837722106
-0.8333333333333334 -1.9245008972987525 0.06927415663983658 0.06898647292877064 0.20753478620844354
-0.8333333333333334 -1.7320508075688772 0.06056507219584418 0.061289131863768026 0.1824192762554562
-0.8333333333333334 -1.539600717839002 0.06927409791185117 0.0689864113824096 0.20753460720611197
-0.8333333333333334 -1.3471506281091268 0.09368513361016347 0.09494943390456274 0.2823197011248895
-0.8333333333333334 -1.1547005383792515 0.10005636155415595 0.09890956521956551 0.2990222883278768
-0.8333333333333334 -0.9622504486493763 0.09368511933814881 0.09494941970092398 0.2823196583772209
-0.8333333333333334 -0.769800358919501 0.0692741566398366 0.06898647292877064 0.20753478620844348
-0.8333333333333334 -0.5773502691896257 0.06056507219584421 0.06128913186376802 0.18241927625545615
-0.8333333333333334 -0.3849001794597505 0.0692740979118512 0.06898641138240962 0.20753460720611203
-0.8333333333333334 -0.19245008972987526 0.09368513361016348 0.09494943390456274 0.2823197011248895
-0.8333333333333334 0.0 0.10005636155415591 0.09890956521956551 0.2990222883278768
-0.8333333333333334 0.19245008972987526 0.09368511933814887 0.09494941970092398 0.28231965837722095
-0.8333333333333334 0.3849001794597505 0.06927415663983659 0.06898647292877065 0.20753478620844348
-0.8333333333333334 0.5773502691896257 0.06056507219584421 0.061289131863768005 0.1824192762554561
-0.8333333333333334 0.769800358919501 0.06927409791185118 0.06898641138240962 0.20753460720611203
-0.8333333333333334 0.9622504486493763 0.09368513361016345 0.09494943390456274 0.2823197011248895
-0.8333333333333334 1.1547005383792515 0.1000563615541559 0.09890956521956548 0.2990222883278768
-0.8333333333333334 1.3471506281091268 0.09368511933814887 0.09494941970092398 0.28231965837722095
-0.8333333333333334 1.539600717839002 0.06927415663983658 0.06898647292877061 0.20753478620844354
-0.8333333333333334 1.7320508075688772 0.060565072195844186 0.061289131863768005 0.18241927625545604
-0.8333333333333334 1.9245008972987525 0.06927409791185117 0.06898641138240966 0.207534607206112
-0.8333333333333334 2.116950987028628 0.09368513361016347 0.09494943390456274 0.2823197011248896
-0.8333333333333334 2.309401076758503 0.1000563615541559 0.09890956521956548 0.29902228832787686
-0.6666666666666666 -2.309401076758503 0.09718031121250013 0.0956825243791667 0.29004314680416654
-0.6666666666666666 -2.116950987028628 0.09867490778749995 0.10427457466250008 0.30162439023750026
-0.6666666666666666 -1.9245008972987525 0.09368887621249997 0.09371785637916676 0.28109560880416656
-0.6666666666666666 -1.7320508075688772 0.10461194003750002 0.08904787153749999 0.2982717516125002
-0.6666666666666666 -1.539600717839002 0.0936888809625 0.09371785700416667 0.28109561892916674
-0.6666666666666666 -1.3471506281091268 0.09867492003749988 0.1042745810375 0.3016244211125001
-0.6666666666666666 -1.1547005383792515 0.09718031121250015 0.09568252437916669 0.29004314680416654
-0.6666666666666666 -0.9622504486493763 0.09867490778749992 0.10427457466250008 0.30162439023750015
-0.6666666666666666 -0.769800358919501 0.09368887621249998 0.09371785637916676 0.28109560880416656
-0.6666666666666666 -0.5773502691896257 0.10461194003749999 0.08904787153749993 0.29827175161250014
-0.6666666666666666 -0.3849001794597505 0.09368888096250001 0.09371785700416668 0.28109561892916674
-0.6666666666666666 -0.19245008972987526 0.0986749200374999 0.10427458103749997 0.3016244211125002
-0.6666666666666666 0.0 0.09718031121250016 0.09568252437916666 0.29004314680416654
-0.6666666666666666 0.19245008972987526 0.09867490778749992 0.10427457466250006 0.30162439023750015
-0.6666666666666666 0.3849001794597505 0.09368887621250002 0.09371785637916677 0.2810956088041667
-0.6666666666666666 0.5773502691896257 0.1046119400374999 0.0890478715374999 0.29827175161250014
-0.6666666666666666 0.769800358919501 0.09368888096250004 0.09371785700416665 0.2810956189291667
-0.6666666666666666 0.9622504486493763 0.09867492003749996 0.10427458103749995 0.30162442111250015
-0.6666666666666666 1.1547005383792515 0.09718031121250008 0.09568252437916666 0.2900431468041665
-0.6666666666666666 1.3471506281091268 0.09867490778749993 0.10427457466250009 0.30162439023750015
-0.6666666666666666 1.539600717839002 0.09368887621250001 0.09371785637916674 0.2810956088041666
-0.6666666666666666 1.7320508075688772 0.10461194003749999 0.08904787153749993 0.29827175161250025
-0.6666666666666666 1.9245008972987525 0.09368888096250001 0.09371785700416668 0.2810956189291666
-0.6666666666666666 2.116950987028628 0.09867492003749996 0.10427458103749998 0.30162442111250026
-0.6666666666666666 2.309401076758503 0.09718031121250008 0.09568252437916666 0.29004314680416665
-0.5 -2.309401076758503 0.09496498250000003 0.09528826816666668 0.2852182331666666
-0.5 -2.116950987028628 0.10008446772158816 0.09994079579637646 0.3001097312395526
-0.5 -1.9245008972987525 0.10008446772158817 0.09994079579637652 0.30010973123955265
-0.5 -1.7320508075688772 0.09496498250000002 0.09528826816666665 0.2852182331666666
-0.5 -1.539600717839002 0.10008451852841181 0.09994086103695698 0.30010989809378036
-0.5 -1.3471506281091268 0.10008451852841176 0.09994086103695698 0.30010989809378036
-0.5 -1.1547005383792515 0.09496498250000002 0.09528826816666665 0.2852182331666666
-0.5 -0.9622504486493763 0.10008446772158817 0.09994079579637649 0.3001097312395525
-0.5 -0.769800358919501 0.10008446772158819 0.09994079579637646 0.3001097312395526
-0.5 -0.5773502691896257 0.09496498250000002 0.09528826816666665 0.2852182331666666
-0.5 -0.3849001794597505 0.1000845185284118 0.09994086103695698 0.30010989809378036
-0.5 -0.19245008972987526 0.1000845185284118 0.09994086103695698 0.30010989809378036
-0.5 0.0 0.09496498250000002 0.09528826816666665 0.2852182331666666
-0.5 0.19245008972987526 0.10008446772158815 0.09994079579637649 0.3001097312395526
-0.5 0.3849001794597505 0.10008446772158816 0.09994079579637649 0.3001097312395525
-0.5 0.5773502691896257 0.09496498250000002 0.09528826816666665 0.2852182331666666
-0.5 0.769800358919501 0.10008451852841183 0.09994086103695696 0.30010989809378036
-0.5 0.9622504486493763 0.1000845185284118 0.09994086103695698 0.30010989809378036
-0.5 1.1547005383792515 0.09496498250000002 0.09528826816666665 0.2852182331666666
-0.5 1.3471506281091268 0.10008446772158815 0.09994079579637646 0.3001097312395526
-0.5 1.539600717839002 0.10008446772158816 0.09994079579637649 0.3001097312395525
-0.5 1.7320508075688772 0.09496498250000002 0.09528826816666665 0.2852182331666666
-0.5 1.9245008972987525 0.10008451852841178 0.09994086103695698 0.30010989809378036
-0.5 2.116950987028628 0.10008451852841181 0.09994086103695696 0.30010989809378036
-0.5 2.309401076758503 0.09496498250000002 0.09528826816666665 0.2852182331666666
-0.3333333333333333 -2.309401076758503 0.10461194003749996 0.08904787153749992 0.29827175161249997
-0.3333333333333333 -2.116950987028628 0.09368887621250001 0.0937178563791668 0.28109560880416656
-0.3333333333333333 -1.9245008972987525 0.09867490778749995 0.10427457466250012 0.30162439023750004
-0.3333333333333333 -1.7320508075688772 0.09718031121250004 0.09568252437916669 0.2900431468041665
-0.3333333333333333 -1.539600717839002 0.09867492003749993 0.10427458103749998 0.3016244211125002
-0.3333333333333333 -1.3471506281091268 0.09368888096250003 0.09371785700416665 0.2810956189291667
-0.3333333333333333 -1.1547005383792515 0.10461194003749993 0.08904787153749996 0.29827175161250014
-0.3333333333333333 -0.9622504486493763 0.0936888762125 0.09371785637916674 0.2810956088041666
-0.3333333333333333 -0.769800358919501 0.09867490778749995 0.10427457466250009 0.30162439023750015
-0.3333333333333333 -0.5773502691896257 0.0971803112125001 0.09568252437916669 0.29004314680416654
-0.3333333333333333 -0.3849001794597505 0.09867492003749995 0.10427458103750002 0.3016244211125002
-0.3333333333333333 -0.19245008972987526 0.09368888096250004 0.09371785700416668 0.2810956189291667
-0.3333333333333333 0.0 0.1046119400374999 0.08904787153749993 0.29827175161250014
-0.3333333333333333 0.19245008972987526 0.0936888762125 0.09371785637916676 0.2810956088041666
-0.3333333333333333 0.3849001794597505 0.09867490778749992 0.10427457466250009 0.30162439023750015
-0.3333333333333333 0.5773502691896257 0.09718031121250015 0.09568252437916672 0.29004314680416654
-0.3333333333333333 0.769800358919501 0.0986749200374999 0.1042745810375 0.3016244211125002
-0.3333333333333333 0.9622504486493763 0.0936888809625 0.09371785700416667 0.2810956189291667
-0.3333333333333333 1.1547005383792515 0.10461194003749999 0.08904787153749996 0.2982717516125001
-0.3333333333333333 1.3471506281091268 0.09368887621249998 0.09371785637916678 0.2810956088041666
-0.3333333333333333 1.539600717839002 0.09867490778749992 0.10427457466250008 0.30162439023750015
-0.3333333333333333 1.7320508075688772 0.09718031121250012 0.09568252437916669 0.29004314680416643
-0.3333333333333333 1.9245008972987525 0.09867492003749989 0.10427458103750002 0.3016244211125001
-0.3333333333333333 2.116950987028628 0.0936888809625 0.09371785700416667 0.2810956189291666
-0.3333333333333333 2.309401076758503 0.10461194003749999 0.08904787153749999 0.2982717516125002
-0.16666666666666666 -2.309401076758503 0.060565072195844206 0.061289131863768026 0.18241927625545612
-0.16666666666666666 -2.116950987028628 0.0692741566398366 0.06898647292877064 0.20753478620844357
-0.16666666666666666 -1.9245008972987525 0.09368511933814887 0.09494941970092395 0.2823196583772209
-0.16666666666666666 -1.7320508075688772 0.10005636155415591 0.09890956521956548 0.299022288327877
-0.16666666666666666 -1.539600717839002 0.09368513361016347 0.09494943390456274 0.2823197011248896
-0.16666666666666666 -1.3471506281091268 0.06927409791185118 0.06898641138240963 0.20753460720611205
-0.16666666666666666 -1.1547005383792515 0.06056507219584421 0.06128913186376799 0.1824192762554561
-0.16666666666666666 -0.9622504486493763 0.0692741566398366 0.06898647292877061 0.20753478620844348
-0.16666666666666666 -0.769800358919501 0.09368511933814887 0.094949419700924 0.28231965837722095
-0.16666666666666666 -0.5773502691896257 0.10005636155415591 0.09890956521956548 0.2990222883278768
-0.16666666666666666 -0.3849001794597505 0.09368513361016348 0.09494943390456274 0.2823197011248896
-0.16666666666666666 -0.19245008972987526 0.0692740979118512 0.06898641138240962 0.20753460720611203
-0.16666666666666666 0.0 0.06056507219584421 0.06128913186376803 0.18241927625545606
-0.16666666666666666 0.19245008972987526 0.06927415663983659 0.06898647292877064 0.20753478620844348
-0.16666666666666666 0.3849001794597505 0.09368511933814884 0.09494941970092398 0.28231965837722095
-0.16666666666666666 0.5773502691896257 0.10005636155415597 0.09890956521956551 0.2990222883278768
-0.16666666666666666 0.769800358919501 0.09368513361016347 0.09494943390456274 0.2823197011248896
-0.16666666666666666 0.9622504486493763 0.0692740979118512 0.06898641138240962 0.207534607206112
-0.16666666666666666 1.1547005383792515 0.060565072195844186 0.061289131863768026 0.18241927625545618
-0.16666666666666666 1.3471506281091268 0.06927415663983659 0.06898647292877062 0.20753478620844348
-0.16666666666666666 1.539600717839002 0.09368511933814881 0.094949419700924 0.28231965837722095
-0.16666666666666666 1.7320508075688772 0.10005636155415595 0.09890956521956551 0.2990222883278768
-0.16666666666666666 1.9245008972987525 0.09368513361016345 0.09494943390456272 0.28231970112488947
-0.16666666666666666 2.116950987028628 0.06927409791185118 0.0689864113824096 0.207534607206112
-0.16666666666666666 2.309401076758503 0.0605650721958442 0.061289131863768054 0.18241927625545626
0.0 -2.309401076758503 0.03551198027500001 0.025533399241666678 0.09655735979166669
0.0 -2.116950987028628 0.05843646010000002 0.05581214392500001 0.1726850641249999
0.0 -1.9245008972987525 0.08088353365000003 0.09254117674166673 0.2543082440416664
0.0 -1.7320508075688772 0.10134603972500004 0.10173660942500003 0.30442868887500035
0.0 -1.539600717839002 0.0808835336500001 0.09254117674166677 0.2543082440416667
0.0 -1.3471506281091268 0.05843646009999997 0.05581214392499995 0.17268506412499993
0.0 -1.1547005383792515 0.03551198027500001 0.025533399241666678 0.09655735979166669
0.0 -0.9622504486493763 0.05843646009999996 0.055812143924999995 0.17268506412499987
0.0 -0.769800358919501 0.08088353365000006 0.09254117674166679 0.2543082440416667
0.0 -0.5773502691896257 0.10134603972500004 0.10173660942500003 0.30442868887500035
0.0 -0.3849001794597505 0.08088353365000009 0.09254117674166679 0.2543082440416668
0.0 -0.19245008972987526 0.05843646009999999 0.055812143924999995 0.17268506412499987
0.0 0.0 0.03551198027500001 0.025533399241666678 0.09655735979166669
0.0 0.19245008972987526 0.05843646009999999 0.055812143924999995 0.17268506412499987
0.0 0.3849001794597505 0.08088353365000009 0.09254117674166679 0.2543082440416668
0.0 0.5773502691896257 0.10134603972500004 0.10173660942500003 0.30442868887500035
0.0 0.769800358919501 0.08088353365000006 0.09254117674166679 0.2543082440416667
0.0 0.9622504486493763 0.05843646009999996 0.055812143924999995 0.17268506412499987
0.0 1.1547005383792515 0.03551198027500001 0.025533399241666678 0.09655735979166669
0.0 1.3471506281091268 0.05843646009999997 0.05581214392499995 0.17268506412499993
0.0 1.539600717839002 0.0808835336500001 0.09254117674166677 0.2543082440416667
0.0 1.7320508075688772 0.10134603972500004 0.10173660942500003 0.30442868887500035
0.0 1.9245008972987525 0.08088353365000003 0.09254117674166673 0.2543082440416664
0.0 2.116950987028628 0.05843646010000002 0.05581214392500001 0.1726850641249999
0.0 2.309401076758503 0.03551198027500001 0.025533399241666678 0.09655735979166669
0.16666666666666666 -2.309401076758503 0.0605650721958442 0.061289131863768054 0.18241927625545626
0.16666666666666666 -2.116950987028628 0.06927409791185118 0.0689864113824096 0.207534607206112
0.16666666666666666 -1.9245008972987525 0.09368513361016345 0.09494943390456272 0.28231970112488947
0.16666666666666666 -1.7320508075688772 0.10005636155415595 0.09890956521956551 0.2990222883278768
0.16666666666666666 -1.539600717839002 0.09368511933814881 0.094949419700924 0.28231965837722095
0.16666666666666666 -1.3471506281091268 0.06927415663983659 0.06898647292877062 0.20753478620844348
0.16666666666666666 -1.1547005383792515 0.060565072195844186 0.061289131863768026 0.18241927625545618
0.16666666666666666 -0.9622504486493763 0.0692740979118512 0.06898641138240962 0.207534607206112
0.16666666666666666 -0.769800358919501 0.09368513361016347 0.09494943390456274 0.2823197011248896
0.16666666666666666 -0.5773502691896257 0.10005636155415597 0.09890956521956551 0.2990222883278768
0.16666666666666666 -0.3849001794597505 0.09368511933814884 0.09494941970092398 0.28231965837722095
0.16666666666666666 -0.19245008972987526 0.06927415663983659 0.06898647292877064 0.20753478620844348
0.16666666666666666 0.0 0.06056507219584421 0.06128913186376803 0.18241927625545606
0.16666666666666666 0.19245008972987526 0.0692740979118512 0.06898641138240962 0.20753460720611203
0.16666666666666666 0.3849001794597505 0.09368513361016348 0.09494943390456274 0.2823197011248896
0.16666666666666666 0.5773502691896257 0.10005636155415591 0.09890956521956548 0.2990222883278768
0.16666666666666666 0.769800358919501 0.09368511933814887 0.094949419700924 0.28231965837722095
0.16666666666666666 0.9622504486493763 0.0692741566398366 0.06898647292877061 0.20753478620844348
0.16666666666666666 1.1547005383792515 0.06056507219584421 0.06128913186376799 0.1824192762554561
0.16666666666666666 1.3471506281091268 0.06927409791185118 0.06898641138240963 0.20753460720611205
0.16666666666666666 1.539600717839002 0.09368513361016347 0.09494943390456274 0.2823197011248896
0.16666666666666666 1.7320508075688772 0.10005636155415591 0.09890956521956548 0.299022288327877
0.16666666666666666 1.9245008972987525 0.09368511933814887 0.09494941970092395 0.2823196583772209
0.16666666666666666 2.116950987028628 0.0692741566398366 0.06898647292877064 0.20753478620844357
0.16666666666666666 2.309401076758503 0.060565072195844206 0.061289131863768026 0.18241927625545612
0.3333333333333333 -2.309401076758503 0.10461194003749999 0.08904787153749999 0.2982717516125002
0.3333333333333333 -2.116950987028628 0.0936888809625 0.09371785700416667 0.2810956189291666
0.3333333333333333 -1.9245008972987525 0.09867492003749989 0.10427458103750002 0.3016244211125001
0.3333333333333333 -1.7320508075688772 0.09718031121250012 0.09568252437916669 0.29004314680416643
0.3333333333333333 -1.539600717839002 0.09867490778749992 0.10427457466250008 0.30162439023750015
0.3333333333333333 -1.3471506281091268 0.09368887621249998 0.09371785637916678 0.2810956088041666
0.3333333333333333 -1.1547005383792515 0.10461194003749999 0.08904787153749996 0.2982717516125001
0.3333333333333333 -0.9622504486493763 0.0936888809625 0.09371785700416667 0.2810956189291667
0.3333333333333333 -0.769800358919501 0.0986749200374999 0.1042745810375 0.3016244211125002
0.3333333333333333 -0.5773502691896257 0.09718031121250015 0.09568252437916672 0.29004314680416654
0.3333333333333333 -0.3849001794597505 0.09867490778749992 0.10427457466250009 0.30162439023750015
0.3333333333333333 -0.19245008972987526 0.0936888762125 0.09371785637916676 0.2810956088041666
0.3333333333333333 0.0 0.1046119400374999 0.08904787153749993 0.29827175161250014
0.3333333333333333 0.19245008972987526 0.09368888096250004 0.09371785700416668 0.2810956189291667
0.3333333333333333 0.3849001794597505 0.09867492003749995 0.10427458103750002 0.3016244211125002
0.3333333333333333 0.5773502691896257 0.0971803112125001 0.09568252437916669 0.29004314680416654
0.3333333333333333 0.769800358919501 0.09867490778749995 0.10427457466250009 0.30162439023750015
0.3333333333333333 0.9622504486493763 0.0936888762125 0.09371785637916674 0.2810956088041666
0.3333333333333333 1.1547005383792515 0.10461194003749993 0.08904787153749996 0.29827175161250014
0.3333333333333333 1.3471506281091268 0.09368888096250003 0.09371785700416665 0.2810956189291667
0.3333333333333333 1.539600717839002 0.09867492003749993 0.10427458103749998 0.3016244211125002
0.3333333333333333 1.7320508075688772 0.09718031121250004 0.09568252437916669 0.2900431468041665
0.3333333333333333 1.9245008972987525 0.09867490778749995 0.10427457466250012 0.30162439023750004
0.3333333333333333 2.116950987028628 0.09368887621250001 0.0937178563791668 0.28109560880416656
0.3333333333333333 2.309401076758503 0.10461194003749996 0.08904787153749992 0.29827175161249997
0.5 -2.309401076758503 0.09496498250000002 0.09528826816666665 0.2852182331666666
0.5 -2.116950987028628 0.10008451852841181 0.09994086103695696 0.30010989809378036
0.5 -1.9245008972987525 0.10008451852841178 0.09994086103695698 0.30010989809378036
0.5 -1.7320508075688772 0.09496498250000002 0.09528826816666665 0.2852182331666666
0.5 -1.539600717839002 0.10008446772158816 0.09994079579637649 0.3001097312395525
0.5 -1.3471506281091268 0.10008446772158815 0.09994079579637646 0.3001097312395526
0.5 -1.1547005383792515 0.09496498250000002 0.09528826816666665 0.2852182331666666
0.5 -0.9622504486493763 0.1000845185284118 0.09994086103695698 0.30010989809378036
0.5 -0.769800358919501 0.10008451852841183 0.09994086103695696 0.30010989809378036
0.5 -0.5773502691896257 0.09496498250000002 0.09528826816666665 0.2852182331666666
0.5 -0.3849001794597505 0.10008446772158816 0.09994079579637649 0.3001097312395525
0.5 -0.19245008972987526 0.10008446772158815 0.09994079579637649 0.3001097312395526
0.5 0.0 0.09496498250000002 0.09528826816666665 0.2852182331666666
0.5 0.19245008972987526 0.1000845185284118 0.09994086103695698 0.30010989809378036
0.5 0.3849001794597505 0.1000845185284118 0.09994086103695698 0.30010989809378036
0.5 0.5773502691896257 0.09496498250000002 0.09528826816666665 0.2852182331666666
0.5 0.769800358919501 0.10008446772158819 0.09994079579637646 0.3001097312395526
0.5 0.9622504486493763 0.10008446772158817 0.09994079579637649 0.3001097312395525
0.5 1.1547005383792515 0.09496498250000002 0.09528826816666665 0.2852182331666666
0.5 1.3471506281091268 0.10008451852841176 0.09994086103695698 0.30010989809378036
0.5 1.539600717839002 0.10008451852841181 0.09994086103695698 0.30010989809378036
0.5 1.7320508075688772 0.09496498250000002 0.09528826816666665 0.2852182331666666
0.5 1.9245008972987525 0.10008446772158817 0.09994079579637652 0.30010973123955265
0.5 2.116950987028628 0.10008446772158816 0.09994079579637646 0.3001097312395526
0.5 2.309401076758503 0.09496498250000003 0.09528826816666668 0.2852182331666666
0.6666666666666666 -2.309401076758503 0.09718031121250008 0.09568252437916666 0.29004314680416665
0.6666666666666666 -2.116950987028628 0.09867492003749996 0.10427458103749998 0.30162442111250026
0.6666666666666666 -1.9245008972987525 0.09368888096250001 0.09371785700416668 0.2810956189291666
0.6666666666666666 -1.7320508075688772 0.10461194003749999 0.08904787153749993 0.29827175161250025
0.6666666666666666 -1.539600717839002 0.09368887621250001 0.09371785637916674 0.2810956088041666
0.6666666666666666 -1.3471506281091268 0.09867490778749993 0.10427457466250009 0.30162439023750015
0.6666666666666666 -1.1547005383792515 0.09718031121250008 0.09568252437916666 0.2900431468041665
0.6666666666666666 -0.9622504486493763 0.09867492003749996 0.10427458103749995 0.30162442111250015
0.6666666666666666 -0.769800358919501 0.09368888096250004 0.09371785700416665 0.2810956189291667
0.6666666666666666 -0.5773502691896257 0.1046119400374999 0.0890478715374999 0.29827175161250014
0.6666666666666666 -0.3849001794597505 0.09368887621250002 0.09371785637916677 0.2810956088041667
0.6666666666666666 -0.19245008972987526 0.09867490778749992 0.10427457466250006 0.30162439023750015
0.6666666666666666 0.0 0.09718031121250016 0.09568252437916666 0.29004314680416654
0.6666666666666666 0.19245008972987526 0.0986749200374999 0.10427458103749997 0.3016244211125002
0.6666666666666666 0.3849001794597505 0.09368888096250001 0.09371785700416668 0.28109561892916674
0.6666666666666666 0.5773502691896257 0.10461194003749999 0.08904787153749993 0.29827175161250014
0.6666666666666666 0.769800358919501 0.09368887621249998 0.09371785637916676 0.28109560880416656
0.6666666666666666 0.9622504486493763 0.09867490778749992 0.10427457466250008 0.30162439023750015
0.6666666666666666 1.1547005383792515 0.09718031121250015 0.09568252437916669 0.29004314680416654
0.6666666666666666 1.3471506281091268 0.09867492003749988 0.1042745810375 0.3016244211125001
0.6666666666666666 1.539600717839002 0.0936888809625 0.09371785700416667 0.28109561892916674
0.6666666666666666 1.7320508075688772 0.10461194003750002 0.08904787153749999 0.2982717516125002
0.6666666666666666 1.9245008972987525 0.09368887621249997 0.09371785637916676 0.28109560880416656
0.6666666666666666 2.116950987028628 0.09867490778749995 0.10427457466250008 0.30162439023750026
0.6666666666666666 2.309401076758503 0.09718031121250013 0.0956825243791667 0.29004314680416654
0.8333333333333334 -2.309401076758503 0.1000563615541559 0.09890956521956548 0.29902228832787686
0.8333333333333334 -2.116950987028628 0.09368513361016347 0.09494943390456274 0.2823197011248896
0.8333333333333334 -1.9245008972987525 0.06927409791185117 0.06898641138240966 0.207534607206112
0.8333333333333334 -1.7320508075688772 0.060565072195844186 0.061289131863768005 0.18241927625545604
0.8333333333333334 -1.539600717839002 0.06927415663983658 0.06898647292877061 0.20753478620844354
0.8333333333333334 -1.3471506281091268 0.09368511933814887 0.09494941970092398 0.28231965837722095
0.8333333333333334 -1.1547005383792515 0.1000563615541559 0.09890956521956548 0.2990222883278768
0.8333333333333334 -0.9622504486493763 0.09368513361016345 0.09494943390456274 0.2823197011248895
0.8333333333333334 -0.769800358919501 0.06927409791185118 0.06898641138240962 0.20753460720611203
0.8333333333333334 -0.5773502691896257 0.06056507219584421 0.061289131863768005 0.1824192762554561
0.8333333333333334 -0.3849001794597505 0.06927415663983659 0.06898647292877065 0.20753478620844348
0.8333333333333334 -0.19245008972987526 0.09368511933814887 0.09494941970092398 0.28231965837722095
0.8333333333333334 0.0 0.10005636155415591 0.09890956521956551 0.2990222883278768
0.8333333333333334 0.19245008972987526 0.09368513361016348 0.09494943390456274 0.2823197011248895
0.8333333333333334 0.3849001794597505 0.0692740979118512 0.06898641138240962 0.20753460720611203
0.8333333333333334 0.5773502691896257 0.06056507219584421 0.06128913186376802 0.18241927625545615
0.8333333333333334 0.769800358919501 0.0692741566398366 0.06898647292877064 0.20753478620844348
0.8333333333333334 0.9622504486493763 0.09368511933814881 0.09494941970092398 0.2823196583772209
0.8333333333333334 1.1547005383792515 0.10005636155415595 0.09890956521956551 0.2990222883278768
0.8333333333333334 1.3471506281091268 0.09368513361016347 0.09494943390456274 0.2823197011248895
0.8333333333333334 1.539600717839002 0.06927409791185117 0.0689864113824096 0.20753460720611197
0.8333333333333334 1.7320508075688772 0.06056507219584418 0.061289131863768026 0.1824192762554562
0.8333333333333334 1.9245008972987525 0.06927415663983658 0.06898647292877064 0.20753478620844354
0.8333333333333334 2.116950987028628 0.09368511933814885 0.094949419700924 0.28231965837722106
0.8333333333333334 2.309401076758503 0.10005636155415595 0.09890956521956551 0.2990222883278768
1.0 -2.309401076758503 0.10134603972500004 0.10173660942500003 0.30442868887500035
1.0 -2.116950987028628 0.08088353365000006 0.09254117674166672 0.2543082440416667
1.0 -1.9245008972987525 0.05843646009999998 0.05581214392500001 0.17268506412499995
1.0 -1.7320508075688772 0.03551198027500001 0.025533399241666678 0.09655735979166669
1.0 -1.539600717839002 0.05843646009999999 0.05581214392500001 0.17268506412500004
1.0 -1.3471506281091268 0.08088353365000008 0.09254117674166679 0.2543082440416667
1.0 -1.1547005383792515 0.10134603972500004 0.10173660942500003 0.30442868887500035
1.0 -0.9622504486493763 0.08088353365000008 0.09254117674166677 0.2543082440416667
1.0 -0.769800358919501 0.05843646009999999 0.05581214392500001 0.17268506412499998
1.0 -0.5773502691896257 0.03551198027500001 0.025533399241666678 0.09655735979166669
1.0 -0.3849001794597505 0.05843646009999996 0.05581214392499998 0.1726850641249999
1.0 -0.19245008972987526 0.08088353365000008 0.09254117674166679 0.2543082440416668
1.0 0.0 0.10134603972500004 0.10173660942500003 0.30442868887500035
1.0 0.19245008972987526 0.08088353365000009 0.09254117674166679 0.25430824404166674
1.0 0.3849001794597505 0.05843646009999996 0.05581214392499997 0.1726850641249999
1.0 0.5773502691896257 0.03551198027500001 0.025533399241666678 0.09655735979166669
1.0 0.769800358919501 0.058436460100000004 0.055812143924999995 0.17268506412499998
1.0 0.9622504486493763 0.08088353365000006 0.09254117674166677 0.2543082440416667
1.0 1.1547005383792515 0.10134603972500004 0.10173660942500003 0.30442868887500035
1.0 1.3471506281091268 0.08088353365000006 0.09254117674166676 0.25430824404166674
1.0 1.539600717839002 0.05843646009999999 0.05581214392500001 0.172685064125
1.0 1.7320508075688772 0.03551198027500001 0.025533399241666678 0.09655735979166669
1.0 1.9245008972987525 0.05843646010000002 0.055812143924999995 0.1726850641249999
1.0 2.116950987028628 0.08088353365000006 0.09254117674166674 0.25430824404166663
1.0 2.309401076758503 0.10134603972500004 0.10173660942500003 0.30442868887500035
1.1666666666666667 -2.309401076758503 0.10005636155415595 0.09890956521956551 0.2990222883278768
1.1666666666666667 -2.116950987028628 0.09368511933814884 0.094949419700924 0.282319658377221
1.1666666666666667 -1.9245008972987525 0.06927415663983656 0.06898647292877064 0.20753478620844348
1.1666666666666667 -1.7320508075688772 0.06056507219584419 0.06128913186376804 0.1824192762554562
1.1666666666666667 -1.539600717839002 0.06927409791185117 0.06898641138240962 0.20753460720611197
1.1666666666666667 -1.3471506281091268 0.09368513361016348 0.09494943390456277 0.2823197011248896
1.1666666666666667 -1.1547005383792515 0.10005636155415595 0.09890956521956554 0.2990222883278768
1.1666666666666667 -0.9622504486493763 0.09368511933814883 0.094949419700924 0.282319658377221
1.1666666666666667 -0.769800358919501 0.0692741566398366 0.06898647292877062 0.20753478620844346
1.1666666666666667 -0.5773502691896257 0.06056507219584423 0.06128913186376805 0.18241927625545615
1.1666666666666667 -0.3849001794597505 0.0692740979118512 0.06898641138240963 0.207534607206112
1.1666666666666667 -0.19245008972987526 0.09368513361016347 0.09494943390456274 0.2823197011248896
1.1666666666666667 0.0 0.10005636155415597 0.09890956521956551 0.2990222883278768
1.1666666666666667 0.19245008972987526 0.09368511933814884 0.094949419700924 0.28231965837722095
1.1666666666666667 0.3849001794597505 0.06927415663983659 0.06898647292877062 0.20753478620844346
1.1666666666666667 0.5773502691896257 0.06056507219584423 0.06128913186376802 0.1824192762554561
1.1666666666666667 0.769800358919501 0.06927409791185118 0.06898641138240963 0.20753460720611208
1.1666666666666667 0.9622504486493763 0.09368513361016348 0.09494943390456274 0.2823197011248895
1.1666666666666667 1.1547005383792515 0.10005636155415591 0.09890956521956551 0.299022288327877
1.1666666666666667 1.3471506281091268 0.09368511933814887 0.09494941970092398 0.282319658377221
1.1666666666666667 1.539600717839002 0.06927415663983658 0.06898647292877062 0.20753478620844354
1.1666666666666667 1.7320508075688772 0.060565072195844186 0.06128913186376803 0.18241927625545612
1.1666666666666667 1.9245008972987525 0.06927409791185118 0.06898641138240966 0.20753460720611203
1.1666666666666667 2.116950987028628 0.09368513361016348 0.09494943390456274 0.2823197011248896
1.1666666666666667 2.309401076758503 0.10005636155415593 0.09890956521956548 0.29902228832787686
1.3333333333333333 -2.309401076758503 0.09718031121250015 0.09568252437916672 0.2900431468041665
1.3333333333333333 -2.116950987028628 0.09867490778749992 0.10427457466250008 0.30162439023750026
1.3333333333333333 -1.9245008972987525 0.09368887621249995 0.09371785637916673 0.28109560880416673
1.3333333333333333 -1.7320508075688772 0.10461194003749999 0.08904787153749996 0.2982717516125001
1.3333333333333333 -1.539600717839002 0.09368888096249998 0.09371785700416667 0.2810956189291667
1.3333333333333333 -1.3471506281091268 0.09867492003749993 0.10427458103750002 0.3016244211125001
1.3333333333333333 -1.1547005383792515 0.09718031121250015 0.09568252437916672 0.29004314680416654
1.3333333333333333 -0.9622504486493763 0.09867490778749992 0.10427457466250008 0.30162439023750015
1.3333333333333333 -0.769800358919501 0.09368887621249997 0.09371785637916673 0.28109560880416656
1.3333333333333333 -0.5773502691896257 0.10461194003749998 0.08904787153749993 0.2982717516125001
1.3333333333333333 -0.3849001794597505 0.09368888096250004 0.09371785700416667 0.28109561892916674
1.3333333333333333 -0.19245008972987526 0.09867492003749992 0.10427458103750002 0.3016244211125002
1.3333333333333333 0.0 0.0971803112125001 0.09568252437916669 0.2900431468041666
1.3333333333333333 0.19245008972987526 0.09867490778749993 0.10427457466250012 0.30162439023750015
1.3333333333333333 0.3849001794597505 0.0936888762125 0.09371785637916673 0.2810956088041666
1.3333333333333333 0.5773502691896257 0.10461194003749992 0.08904787153749993 0.29827175161249997
1.3333333333333333 0.769800358919501 0.0936888809625 0.09371785700416665 0.2810956189291666
1.3333333333333333 0.9622504486493763 0.09867492003749995 0.10427458103750001 0.3016244211125002
1.3333333333333333 1.1547005383792515 0.09718031121250005 0.09568252437916669 0.29004314680416654
1.3333333333333333 1.3471506281091268 0.09867490778749995 0.10427457466250015 0.30162439023750015
1.3333333333333333 1.539600717839002 0.09368887621250001 0.09371785637916674 0.2810956088041666
1.3333333333333333 1.7320508075688772 0.1046119400375 0.08904787153749993 0.29827175161250025
1.3333333333333333 1.9245008972987525 0.09368888096249998 0.09371785700416665 0.28109561892916657
1.3333333333333333 2.116950987028628 0.09867492003749995 0.10427458103749998 0.3016244211125002
1.3333333333333333 2.309401076758503 0.09718031121250008 0.0956825243791667 0.2900431468041666
1.5 -2.309401076758503 0.09496498250000002 0.09528826816666665 0.2852182331666666
1.5 -2.116950987028628 0.10008446772158815 0.09994079579637649 0.3001097312395525
1.5 -1.9245008972987525 0.10008446772158817 0.09994079579637649 0.30010973123955265
1.5 -1.7320508075688772 0.09496498250000002 0.09528826816666668 0.2852182331666666
1.5 -1.539600717839002 0.1000845185284118 0.09994086103695696 0.30010989809378036
1.5 -1.3471506281091268 0.1000845185284118 0.09994086103695696 0.30010989809378036
1.5 -1.1547005383792515 0.09496498250000002 0.09528826816666665 0.2852182331666666
1.5 -0.9622504486493763 0.10008446772158816 0.09994079579637649 0.3001097312395525
1.5 -0.769800358919501 0.10008446772158813 0.09994079579637649 0.3001097312395526
1.5 -0.5773502691896257 0.09496498250000002 0.09528826816666665 0.2852182331666666
1.5 -0.3849001794597505 0.1000845185284118 0.09994086103695698 0.30010989809378036
1.5 -0.19245008972987526 0.10008451852841183 0.09994086103695696 0.30010989809378036
1.5 0.0 0.09496498250000002 0.09528826816666665 0.2852182331666666
1.5 0.19245008972987526 0.10008446772158816 0.09994079579637649 0.3001097312395526
1.5 0.3849001794597505 0.10008446772158819 0.09994079579637649 0.3001097312395526
1.5 0.5773502691896257 0.0949649825 0.09528826816666665 0.2852182331666666
1.5 0.769800358919501 0.10008451852841177 0.09994086103695698 0.30010989809378036
1.5 0.9622504486493763 0.10008451852841181 0.09994086103695698 0.30010989809378036
1.5 1.1547005383792515 0.09496498250000002 0.09528826816666668 0.2852182331666666
1.5 1.3471506281091268 0.10008446772158815 0.09994079579637649 0.3001097312395526
1.5 1.539600717839002 0.10008446772158816 0.09994079579637649 0.3001097312395526
1.5 1.7320508075688772 0.09496498250000002 0.09528826816666668 0.2852182331666666
1.5 1.9245008972987525 0.10008451852841178 0.09994086103695698 0.30010989809378036
1.5 2.116950987028628 0.10008451852841183 0.09994086103695696 0.30010989809378036
1.5 2.309401076758503 0.09496498250000004 0.09528826816666669 0.2852182331666667
1.6666666666666667 -2.309401076758503 0.10461194003749996 0.08904787153749995 0.2982717516125001
1.6666666666666667 -2.116950987028628 0.09368887621250001 0.09371785637916678 0.28109560880416656
1.6666666666666667 -1.9245008972987525 0.09867490778749995 0.10427457466250012 0.30162439023750004
1.6666666666666667 -1.7320508075688772 0.09718031121250005 0.09568252437916666 0.2900431468041665
1.6666666666666667 -1.539600717839002 0.09867492003749993 0.10427458103749995 0.30162442111250026
1.6666666666666667 -1.3471506281091268 0.09368888096250004 0.09371785700416668 0.2810956189291667
1.6666666666666667 -1.1547005383792515 0.10461194003749996 0.08904787153749993 0.2982717516125001
1.6666666666666667 -0.9622504486493763 0.09368887621250001 0.09371785637916677 0.28109560880416656
1.6666666666666667 -0.769800358919501 0.09867490778749995 0.10427457466250009 0.30162439023750015
1.6666666666666667 -0.5773502691896257 0.0971803112125001 0.09568252437916669 0.2900431468041665
1.6666666666666667 -0.3849001794597505 0.09867492003749993 0.10427458103750001 0.3016244211125002
1.6666666666666667 -0.19245008972987526 0.09368888096250004 0.09371785700416668 0.2810956189291667
1.6666666666666667 0.0 0.1046119400374999 0.08904787153749993 0.29827175161250014
1.6666666666666667 0.19245008972987526 0.09368887621250002 0.09371785637916676 0.2810956088041667
1.6666666666666667 0.3849001794597505 0.09867490778749995 0.10427457466250009 0.30162439023750015
1.6666666666666667 0.5773502691896257 0.09718031121250015 0.09568252437916669 0.29004314680416654
1.6666666666666667 0.769800358919501 0.09867492003749988 0.10427458103750002 0.30162442111250004
1.6666666666666667 0.9622504486493763 0.09368888096249997 0.09371785700416664 0.28109561892916657
1.6666666666666667 1.1547005383792515 0.10461194003749999 0.08904787153749996 0.2982717516125001
1.6666666666666667 1.3471506281091268 0.09368887621249997 0.09371785637916678 0.2810956088041666
1.6666666666666667 1.539600717839002 0.09867490778749996 0.10427457466250008 0.30162439023750015
1.6666666666666667 1.7320508075688772 0.09718031121250013 0.09568252437916669 0.29004314680416654
1.6666666666666667 1.9245008972987525 0.09867492003749995 0.1042745810375 0.30162442111250015
1.6666666666666667 2.116950987028628 0.0936888809625 0.0937178570041667 0.2810956189291666
1.6666666666666667 2.309401076758503 0.1046119400375 0.08904787153749999 0.2982717516125002
1.8333333333333333 -2.309401076758503 0.06056507219584422 0.06128913186376804 0.18241927625545612
1.8333333333333333 -2.116950987028628 0.06927415663983659 0.06898647292877064 0.20753478620844354
1.8333333333333333 -1.9245008972987525 0.09368511933814888 0.09494941970092398 0.28231965837722095
1.8333333333333333 -1.7320508075688772 0.1000563615541559 0.09890956521956551 0.299022288327877
1.8333333333333333 -1.539600717839002 0.09368513361016349 0.09494943390456274 0.2823197011248896
1.8333333333333333 -1.3471506281091268 0.06927409791185117 0.06898641138240966 0.20753460720611216
1.8333333333333333 -1.1547005383792515 0.06056507219584423 0.06128913186376802 0.18241927625545615
1.8333333333333333 -0.9622504486493763 0.06927415663983662 0.06898647292877064 0.20753478620844354
1.8333333333333333 -0.769800358919501 0.09368511933814888 0.094949419700924 0.28231965837722095
1.8333333333333333 -0.5773502691896257 0.1000563615541559 0.09890956521956551 0.2990222883278769
1.8333333333333333 -0.3849001794597505 0.09368513361016348 0.09494943390456274 0.2823197011248896
1.8333333333333333 -0.19245008972987526 0.0692740979118512 0.06898641138240963 0.20753460720611205
1.8333333333333333 0.0 0.06056507219584424 0.06128913186376805 0.18241927625545615
1.8333333333333333 0.19245008972987526 0.0692741566398366 0.06898647292877061 0.20753478620844357
1.8333333333333333 0.3849001794597505 0.09368511933814885 0.094949419700924 0.282319658377221
1.8333333333333333 0.5773502691896257 0.10005636155415595 0.09890956521956551 0.2990222883278769
1.8333333333333333 0.769800358919501 0.09368513361016349 0.09494943390456277 0.2823197011248895
1.8333333333333333 0.9622504486493763 0.06927409791185121 0.06898641138240963 0.20753460720611205
1.8333333333333333 1.1547005383792515 0.060565072195844234 0.061289131863768054 0.1824192762554563
1.8333333333333333 1.3471506281091268 0.06927415663983656 0.06898647292877064 0.20753478620844357
1.8333333333333333 1.539600717839002 0.09368511933814884 0.094949419700924 0.28231965837722095
1.8333333333333333 1.7320508075688772 0.10005636155415594 0.09890956521956554 0.29902228832787686
1.8333333333333333 1.9245008972987525 0.09368513361016348 0.09494943390456269 0.2823197011248895
1.8333333333333333 2.116950987028628 0.06927409791185118 0.06898641138240963 0.20753460720611203
1.8333333333333333 2.309401076758503 0.06056507219584422 0.06128913186376807 0.1824192762554563
2.0 -2.309401076758503 0.03551198027500001 0.025533399241666678 0.09655735979166669
2.0 -2.116950987028628 0.05843646010000003 0.055812143924999995 0.17268506412500004
2.0 -1.9245008972987525 0.08088353365000008 0.09254117674166676 0.25430824404166646
2.0 -1.7320508075688772 0.10134603972500004 0.10173660942500003 0.30442868887500035
2.0 -1.539600717839002 0.08088353365000008 0.09254117674166672 0.25430824404166674
2.0 -1.3471506281091268 0.05843646010000001 0.055812143924999946 0.17268506412499993
2.0 -1.1547005383792515 0.03551198027500001 0.025533399241666678 0.09655735979166669
2.0 -0.9622504486493763 0.05843646010000002 0.05581214392500001 0.17268506412499993
2.0 -0.769800358919501 0.08088353365000006 0.09254117674166679 0.2543082440416667
2.0 -0.5773502691896257 0.10134603972500004 0.10173660942500003 0.30442868887500035
2.0 -0.3849001794597505 0.08088353365000009 0.09254117674166677 0.25430824404166674
2.0 -0.19245008972987526 0.058436460099999976 0.05581214392499998 0.17268506412499987
2.0 0.0 0.03551198027500001 0.025533399241666678 0.09655735979166669
2.0 0.19245008972987526 0.05843646009999999 0.05581214392499998 0.17268506412499984
2.0 0.3849001794597505 0.0808835336500001 0.09254117674166676 0.2543082440416667
2.0 0.5773502691896257 0.10134603972500004 0.10173660942500003 0.30442868887500035
2.0 0.769800358919501 0.08088353365000003 0.09254117674166676 0.25430824404166674
2.0 0.9622504486493763 0.05843646010000002 0.05581214392500001 0.17268506412499998
2.0 1.1547005383792515 0.03551198027500001 0.025533399241666678 0.09655735979166669
2.0 1.3471506281091268 0.0584364601 0.055812143924999995 0.17268506412499998
2.0 1.539600717839002 0.08088353365000005 0.09254117674166674 0.25430824404166663
2.0 1.7320508075688772 0.10134603972500004 0.10173660942500003 0.30442868887500035
2.0 1.9245008972987525 0.08088353365000005 0.09254117674166676 0.2543082440416665
2.0 2.116950987028628 0.058436460100000004 0.05581214392500002 0.17268506412499993
2.0 2.309401076758503 0.03551198027500001 0.025533399241666678 0.09655735979166669
