24 4 1.529091935345832
-2.0 -2.309401076758503 0.053509302083333335 0.04484368514166666 0.00
-2.0 -2.116950987028628 0.09964931458333341 0.09871332944166678 0.2980119586083334
-2.0 -1.9245008972987525 0.20804238958333315 0.19520303639166675 0.6112878155583334
-2.0 -1.7320508075688772 0.2445071895833335 0.2749707181916665 0.7639850973583326
-2.0 -1.539600717839002 0.20804238958333318 0.19520303639166692 0.6112878155583331
-2.0 -1.3471506281091268 0.0996493145833332 0.09871332944166664 0.29801195860833335
-2.0 -1.1547005383792515 0.053509302083333335 0.04484368514166666 0.1518622893083333
-2.0 -0.9622504486493763 0.09964931458333331 0.09871332944166673 0.2980119586083336
-2.0 -0.769800358919501 0.20804238958333324 0.19520303639166658 0.6112878155583332
-2.0 -0.5773502691896257 0.2445071895833335 0.2749707181916665 0.7639850973583326
-2.0 -0.3849001794597505 0.20804238958333313 0.19520303639166664 0.6112878155583339
-2.0 -0.19245008972987526 0.09964931458333336 0.09871332944166672 0.29801195860833385
-2.0 0.0 0.053509302083333335 0.04484368514166666 0.1518622893083333
-2.0 0.19245008972987526 0.09964931458333344 0.09871332944166669 0.298011958608334
-2.0 0.3849001794597505 0.20804238958333302 0.19520303639166656 0.6112878155583336
-2.0 0.5773502691896257 0.2445071895833335 0.2749707181916665 0.7639850973583326
-2.0 0.769800358919501 0.20804238958333326 0.19520303639166664 0.6112878155583337
-2.0 0.9622504486493763 0.09964931458333331 0.0987133294416667 0.29801195860833357
-2.0 1.1547005383792515 0.053509302083333335 0.04484368514166666 0.1518622893083333
-2.0 1.3471506281091268 0.09964931458333329 0.09871332944166661 0.2980119586083336
-2.0 1.539600717839002 0.20804238958333304 0.19520303639166672 0.6112878155583331
-2.0 1.7320508075688772 0.2445071895833335 0.2749707181916665 0.7639850973583326
-2.0 1.9245008972987525 0.20804238958333313 0.19520303639166664 0.6112878155583339
-2.0 2.116950987028628 0.0996493145833334 0.09871332944166676 0.29801195860833374
-2.0 2.309401076758503 0.053509302083333335 0.04484368514166666 0.1518622893083333
-1.8333333333333333 -2.309401076758503 0.1089889814941076 0.10147817712328092 0.3194561401114963
-1.8333333333333333 -2.116950987028628 0.1278223396913307 0.12245438206324326 0.3780990614459047
-1.8333333333333333 -1.9245008972987525 0.2115625556464611 0.20182854177149645 0.6249536530644179
-1.8333333333333333 -1.7320508075688772 0.31264883933922577 0.2834877395433859 0.9087854182218372
-1.8333333333333333 -1.539600717839002 0.21155016864200282 0.20181963210342363 0.6249199693874284
-1.8333333333333333 -1.3471506281091268 0.1278048776868721 0.12243455989517006 0.37804431526891435
-1.8333333333333333 -1.1547005383792515 0.10898898149410761 0.10147817712328117 0.3194561401114966
-1.8333333333333333 -0.9622504486493763 0.1278223396913307 0.12245438206324324 0.37809906144590494
-1.8333333333333333 -0.769800358919501 0.2115625556464612 0.2018285417714966 0.6249536530644183
-1.8333333333333333 -0.5773502691896257 0.31264883933922577 0.2834877395433858 0.9087854182218369
-1.8333333333333333 -0.3849001794597505 0.21155016864200274 0.20181963210342344 0.6249199693874282
-1.8333333333333333 -0.19245008972987526 0.12780487768687213 0.12243455989517005 0.37804431526891424
-1.8333333333333333 0.0 0.10898898149410763 0.10147817712328111 0.31945614011149664
-1.8333333333333333 0.19245008972987526 0.12782233969133064 0.12245438206324323 0.3780990614459048
-1.8333333333333333 0.3849001794597505 0.2115625556464612 0.2018285417714965 0.6249536530644187
-1.8333333333333333 0.5773502691896257 0.31264883933922566 0.28348773954338585 0.9087854182218367
-1.8333333333333333 0.769800358919501 0.2115501686420028 0.20181963210342346 0.6249199693874284
-1.8333333333333333 0.9622504486493763 0.12780487768687226 0.1224345598951701 0.37804431526891435
-1.8333333333333333 1.1547005383792515 0.10898898149410766 0.10147817712328104 0.3194561401114965
-1.8333333333333333 1.3471506281091268 0.1278223396913306 0.12245438206324316 0.3780990614459045
-1.8333333333333333 1.539600717839002 0.21156255564646131 0.20182854177149673 0.6249536530644193
-1.8333333333333333 1.7320508075688772 0.31264883933922555 0.2834877395433858 0.9087854182218361
-1.8333333333333333 1.9245008972987525 0.21155016864200257 0.2018196321034233 0.6249199693874278
-1.8333333333333333 2.116950987028628 0.12780487768687235 0.12243455989517006 0.3780443152689143
-1.8333333333333333 2.309401076758503 0.10898898149410757 0.10147817712328105 0.3194561401114965
-1.6666666666666667 -2.309401076758503 0.18863401770833346 0.17971608590416682 0.5569841213208339
-1.6666666666666667 -2.116950987028628 0.19160653020833324 0.1867701699291667 0.5699832303458334
-1.6666666666666667 -1.9245008972987525 0.23813987395833366 0.23864273465416694 0.7149224825708331
-1.6666666666666667 -1.7320508075688772 0.4844578614583334 0.560176212429167 1.5290919353458319
-1.6666666666666667 -1.539600717839002 0.23806773645833348 0.23856067840416664 0.7146961513208321
-1.6666666666666667 -1.3471506281091268 0.19159521770833304 0.1867646511791666 0.5699550865958335
-1.6666666666666667 -1.1547005383792515 0.18863401770833338 0.1797160859041667 0.5569841213208337
-1.6666666666666667 -0.9622504486493763 0.1916065302083333 0.1867701699291668 0.5699832303458332
-1.6666666666666667 -0.769800358919501 0.23813987395833353 0.23864273465416663 0.7149224825708322
-1.6666666666666667 -0.5773502691896257 0.48445786145833364 0.560176212429167 1.5290919353458314
-1.6666666666666667 -0.3849001794597505 0.23806773645833362 0.23856067840416656 0.7146961513208329
-1.6666666666666667 -0.19245008972987526 0.19159521770833313 0.18676465117916663 0.5699550865958336
-1.6666666666666667 0.0 0.18863401770833338 0.17971608590416668 0.5569841213208333
-1.6666666666666667 0.19245008972987526 0.19160653020833332 0.18677016992916684 0.5699832303458334
-1.6666666666666667 0.3849001794597505 0.2381398739583336 0.2386427346541667 0.7149224825708325
-1.6666666666666667 0.5773502691896257 0.48445786145833375 0.560176212429167 1.5290919353458319
-1.6666666666666667 0.769800358919501 0.2380677364583335 0.23856067840416645 0.7146961513208323
-1.6666666666666667 0.9622504486493763 0.1915952177083332 0.18676465117916674 0.5699550865958334
-1.6666666666666667 1.1547005383792515 0.1886340177083335 0.1797160859041668 0.5569841213208335
-1.6666666666666667 1.3471506281091268 0.19160653020833324 0.18677016992916665 0.5699832303458333
-1.6666666666666667 1.539600717839002 0.23813987395833336 0.2386427346541668 0.7149224825708328
-1.6666666666666667 1.7320508075688772 0.48445786145833347 0.5601762124291667 1.5290919353458312
-1.6666666666666667 1.9245008972987525 0.23806773645833357 0.23856067840416673 0.7146961513208336
-1.6666666666666667 2.116950987028628 0.19159521770833324 0.1867646511791667 0.5699550865958333
-1.6666666666666667 2.309401076758503 0.1886340177083335 0.17971608590416674 0.5569841213208336
-1.5 -2.309401076758503 0.30794152916666634 0.31819948333333375 0.9340825416666659
-1.5 -2.116950987028628 0.23916218303925987 0.23984445159530918 0.7181688176738288
-1.5 -1.9245008972987525 0.23916218303925993 0.23984445159530898 0.7181688176738295
-1.5 -1.7320508075688772 0.30794152916666645 0.31819948333333364 0.9340825416666658
-1.5 -1.539600717839002 0.23902371279407317 0.2397056825713574 0.7177531081595038
-1.5 -1.3471506281091268 0.23902371279407322 0.23970568257135774 0.7177531081595047
-1.5 -1.1547005383792515 0.30794152916666634 0.3181994833333336 0.9340825416666658
-1.5 -0.9622504486493763 0.23916218303925987 0.23984445159530918 0.718168817673829
-1.5 -0.769800358919501 0.23916218303925996 0.23984445159530898 0.7181688176738287
-1.5 -0.5773502691896257 0.30794152916666634 0.3181994833333336 0.9340825416666657
-1.5 -0.3849001794597505 0.23902371279407328 0.23970568257135758 0.7177531081595044
-1.5 -0.19245008972987526 0.23902371279407336 0.2397056825713576 0.7177531081595049
-1.5 0.0 0.30794152916666634 0.3181994833333336 0.9340825416666657
-1.5 0.19245008972987526 0.23916218303926 0.23984445159530907 0.7181688176738292
-1.5 0.3849001794597505 0.2391621830392599 0.23984445159530907 0.718168817673829
-1.5 0.5773502691896257 0.30794152916666634 0.31819948333333353 0.9340825416666657
-1.5 0.769800358919501 0.23902371279407317 0.23970568257135744 0.7177531081595047
-1.5 0.9622504486493763 0.23902371279407342 0.23970568257135766 0.7177531081595042
-1.5 1.1547005383792515 0.30794152916666645 0.31819948333333375 0.934082541666666
-1.5 1.3471506281091268 0.23916218303926 0.23984445159530904 0.7181688176738292
-1.5 1.539600717839002 0.23916218303925982 0.2398444515953091 0.7181688176738287
-1.5 1.7320508075688772 0.30794152916666634 0.3181994833333336 0.9340825416666658
-1.5 1.9245008972987525 0.23902371279407314 0.23970568257135766 0.7177531081595044
-1.5 2.116950987028628 0.23902371279407314 0.23970568257135755 0.717753108159504
-1.5 2.309401076758503 0.3079415291666664 0.31819948333333387 0.9340825416666658
-1.3333333333333333 -2.309401076758503 0.4844578614583331 0.5601762124291669 1.5290919353458317
-1.3333333333333333 -2.116950987028628 0.23813987395833353 0.23864273465416663 0.7149224825708332
-1.3333333333333333 -1.9245008972987525 0.19160653020833318 0.18677016992916673 0.569983230345833
-1.3333333333333333 -1.7320508075688772 0.18863401770833355 0.17971608590416668 0.5569841213208336
-1.3333333333333333 -1.539600717839002 0.19159521770833332 0.1867646511791666 0.5699550865958333
-1.3333333333333333 -1.3471506281091268 0.23806773645833362 0.23856067840416656 0.7146961513208331
-1.3333333333333333 -1.1547005383792515 0.4844578614583335 0.5601762124291668 1.5290919353458314
-1.3333333333333333 -0.9622504486493763 0.23813987395833336 0.23864273465416655 0.7149224825708329
-1.3333333333333333 -0.769800358919501 0.19160653020833324 0.18677016992916662 0.5699832303458331
-1.3333333333333333 -0.5773502691896257 0.18863401770833346 0.1797160859041666 0.5569841213208332
-1.3333333333333333 -0.3849001794597505 0.19159521770833296 0.1867646511791665 0.5699550865958336
-1.3333333333333333 -0.19245008972987526 0.23806773645833354 0.23856067840416648 0.7146961513208326
-1.3333333333333333 0.0 0.48445786145833364 0.5601762124291668 1.529091935345832
-1.3333333333333333 0.19245008972987526 0.2381398739583336 0.23864273465416658 0.7149224825708325
-1.3333333333333333 0.3849001794597505 0.19160653020833313 0.18677016992916662 0.5699832303458334
-1.3333333333333333 0.5773502691896257 0.18863401770833332 0.17971608590416657 0.5569841213208333
-1.3333333333333333 0.769800358919501 0.1915952177083331 0.18676465117916652 0.5699550865958335
-1.3333333333333333 0.9622504486493763 0.23806773645833346 0.23856067840416648 0.7146961513208319
-1.3333333333333333 1.1547005383792515 0.48445786145833347 0.5601762124291673 1.529091935345832
-1.3333333333333333 1.3471506281091268 0.2381398739583335 0.2386427346541668 0.7149224825708329
-1.3333333333333333 1.539600717839002 0.1916065302083333 0.1867701699291667 0.569983230345833
-1.3333333333333333 1.7320508075688772 0.1886340177083334 0.17971608590416674 0.556984121320834
-1.3333333333333333 1.9245008972987525 0.19159521770833296 0.18676465117916644 0.5699550865958332
-1.3333333333333333 2.116950987028628 0.23806773645833346 0.2385606784041667 0.7146961513208319
-1.3333333333333333 2.309401076758503 0.4844578614583334 0.560176212429167 1.5290919353458317
-1.1666666666666667 -2.309401076758503 0.31264883933922544 0.28348773954338563 0.9087854182218361
-1.1666666666666667 -2.116950987028628 0.21156255564646112 0.20182854177149653 0.6249536530644186
-1.1666666666666667 -1.9245008972987525 0.1278223396913307 0.12245438206324309 0.3780990614459047
-1.1666666666666667 -1.7320508075688772 0.10898898149410759 0.10147817712328103 0.31945614011149603
-1.1666666666666667 -1.539600717839002 0.1278048776868723 0.1224345598951701 0.378044315268914
-1.1666666666666667 -1.3471506281091268 0.2115501686420026 0.20181963210342327 0.6249199693874286
-1.1666666666666667 -1.1547005383792515 0.31264883933922544 0.2834877395433858 0.9087854182218363
-1.1666666666666667 -0.9622504486493763 0.2115625556464611 0.2018285417714965 0.6249536530644191
-1.1666666666666667 -0.769800358919501 0.1278223396913307 0.12245438206324327 0.37809906144590494
-1.1666666666666667 -0.5773502691896257 0.1089889814941076 0.10147817712328115 0.3194561401114963
-1.1666666666666667 -0.3849001794597505 0.12780487768687215 0.12243455989517002 0.3780443152689145
-1.1666666666666667 -0.19245008972987526 0.21155016864200268 0.2018196321034232 0.6249199693874281
-1.1666666666666667 0.0 0.31264883933922555 0.28348773954338574 0.9087854182218368
-1.1666666666666667 0.19245008972987526 0.21156255564646112 0.2018285417714964 0.6249536530644184
-1.1666666666666667 0.3849001794597505 0.12782233969133067 0.1224543820632432 0.3780990614459049
-1.1666666666666667 0.5773502691896257 0.10898898149410764 0.10147817712328096 0.3194561401114961
-1.1666666666666667 0.769800358919501 0.12780487768687213 0.12243455989517006 0.37804431526891463
-1.1666666666666667 0.9622504486493763 0.21155016864200277 0.2018196321034234 0.6249199693874287
-1.1666666666666667 1.1547005383792515 0.31264883933922555 0.28348773954338585 0.9087854182218369
-1.1666666666666667 1.3471506281091268 0.211562555646461 0.20182854177149642 0.624953653064418
-1.1666666666666667 1.539600717839002 0.1278223396913306 0.12245438206324326 0.3780990614459045
-1.1666666666666667 1.7320508075688772 0.1089889814941076 0.10147817712328093 0.3194561401114959
-1.1666666666666667 1.9245008972987525 0.12780487768687213 0.12243455989517005 0.3780443152689146
-1.1666666666666667 2.116950987028628 0.2115501686420028 0.20181963210342338 0.6249199693874281
-1.1666666666666667 2.309401076758503 0.3126488393392254 0.2834877395433858 0.908785418221837
-1.0 -2.309401076758503 0.2445071895833335 0.2749707181916665 0.7639850973583326
-1.0 -2.116950987028628 0.20804238958333307 0.19520303639166686 0.6112878155583332
-1.0 -1.9245008972987525 0.09964931458333326 0.09871332944166666 0.2980119586083333
-1.0 -1.7320508075688772 0.053509302083333335 0.04484368514166666 0.1518622893083333
-1.0 -1.539600717839002 0.09964931458333338 0.09871332944166678 0.2980119586083338
-1.0 -1.3471506281091268 0.20804238958333315 0.19520303639166664 0.6112878155583334
-1.0 -1.1547005383792515 0.2445071895833335 0.2749707181916665 0.7639850973583326
-1.0 -0.9622504486493763 0.20804238958333318 0.19520303639166672 0.6112878155583333
-1.0 -0.769800358919501 0.09964931458333334 0.09871332944166665 0.2980119586083334
-1.0 -0.5773502691896257 0.053509302083333335 0.04484368514166666 0.1518622893083333
-1.0 -0.3849001794597505 0.09964931458333327 0.09871332944166676 0.2980119586083334
-1.0 -0.19245008972987526 0.2080423895833332 0.1952030363916666 0.6112878155583333
-1.0 0.0 0.2445071895833335 0.2749707181916665 0.7639850973583326
-1.0 0.19245008972987526 0.20804238958333326 0.19520303639166667 0.6112878155583336
-1.0 0.3849001794597505 0.09964931458333336 0.09871332944166672 0.29801195860833385
-1.0 0.5773502691896257 0.053509302083333335 0.04484368514166666 0.1518622893083333
-1.0 0.769800358919501 0.09964931458333333 0.09871332944166665 0.2980119586083337
-1.0 0.9622504486493763 0.20804238958333318 0.19520303639166667 0.611287815558333
-1.0 1.1547005383792515 0.2445071895833335 0.2749707181916665 0.7639850973583326
-1.0 1.3471506281091268 0.20804238958333326 0.1952030363916667 0.6112878155583333
-1.0 1.539600717839002 0.09964931458333341 0.09871332944166673 0.29801195860833374
-1.0 1.7320508075688772 0.053509302083333335 0.04484368514166666 0.1518622893083333
-1.0 1.9245008972987525 0.0996493145833333 0.09871332944166664 0.2980119586083334
-1.0 2.116950987028628 0.2080423895833331 0.19520303639166664 0.6112878155583331
-1.0 2.309401076758503 0.2445071895833335 0.2749707181916665 0.7639850973583326
-0.8333333333333334 -2.309401076758503 0.3126488393392254 0.28348773954338585 0.9087854182218369
-0.8333333333333334 -2.116950987028628 0.2115501686420026 0.20181963210342332 0.624919969387428
-0.8333333333333334 -1.9245008972987525 0.12780487768687218 0.12243455989517005 0.37804431526891463
-0.8333333333333334 -1.7320508075688772 0.10898898149410755 0.10147817712328092 0.3194561401114959
-0.8333333333333334 -1.539600717839002 0.1278223396913306 0.12245438206324326 0.37809906144590466
-0.8333333333333334 -1.3471506281091268 0.21156255564646115 0.20182854177149648 0.6249536530644182
-0.8333333333333334 -1.1547005383792515 0.3126488393392255 0.2834877395433858 0.908785418221837
-0.8333333333333334 -0.9622504486493763 0.21155016864200263 0.2018196321034234 0.624919969387428
-0.8333333333333334 -0.769800358919501 0.12780487768687213 0.12243455989517013 0.3780443152689146
-0.8333333333333334 -0.5773502691896257 0.10898898149410759 0.101478177123281 0.31945614011149615
-0.8333333333333334 -0.3849001794597505 0.12782233969133067 0.1224543820632432 0.3780990614459051
-0.8333333333333334 -0.19245008972987526 0.21156255564646118 0.20182854177149645 0.6249536530644189
-0.8333333333333334 0.0 0.3126488393392255 0.28348773954338574 0.9087854182218364
-0.8333333333333334 0.19245008972987526 0.21155016864200263 0.2018196321034232 0.6249199693874284
-0.8333333333333334 0.3849001794597505 0.12780487768687215 0.12243455989517006 0.3780443152689146
-0.8333333333333334 0.5773502691896257 0.10898898149410755 0.10147817712328105 0.31945614011149615
-0.8333333333333334 0.769800358919501 0.1278223396913307 0.12245438206324326 0.3780990614459049
-0.8333333333333334 0.9622504486493763 0.21156255564646112 0.2018285417714964 0.624953653064419
-0.8333333333333334 1.1547005383792515 0.3126488393392255 0.28348773954338574 0.9087854182218361
-0.8333333333333334 1.3471506281091268 0.21155016864200263 0.2018196321034232 0.6249199693874283
-0.8333333333333334 1.539600717839002 0.12780487768687218 0.12243455989517014 0.378044315268914
-0.8333333333333334 1.7320508075688772 0.10898898149410743 0.10147817712328094 0.3194561401114958
-0.8333333333333334 1.9245008972987525 0.1278223396913306 0.12245438206324306 0.3780990614459044
-0.8333333333333334 2.116950987028628 0.21156255564646106 0.20182854177149642 0.6249536530644187
-0.8333333333333334 2.309401076758503 0.31264883933922544 0.2834877395433855 0.9087854182218361
-0.6666666666666666 -2.309401076758503 0.48445786145833347 0.5601762124291672 1.529091935345832
-0.6666666666666666 -2.116950987028628 0.23806773645833362 0.23856067840416673 0.7146961513208321
-0.6666666666666666 -1.9245008972987525 0.19159521770833304 0.18676465117916666 0.5699550865958337
-0.6666666666666666 -1.7320508075688772 0.1886340177083336 0.17971608590416674 0.5569841213208341
-0.6666666666666666 -1.539600717839002 0.19160653020833335 0.1867701699291669 0.5699832303458336
-0.6666666666666666 -1.3471506281091268 0.23813987395833358 0.23864273465416683 0.7149224825708325
-0.6666666666666666 -1.1547005383792515 0.4844578614583335 0.5601762124291673 1.529091935345832
-0.6666666666666666 -0.9622504486493763 0.23806773645833362 0.23856067840416664 0.7146961513208321
-0.6666666666666666 -0.769800358919501 0.1915952177083332 0.18676465117916666 0.5699550865958339
-0.6666666666666666 -0.5773502691896257 0.18863401770833343 0.17971608590416657 0.5569841213208335
-0.6666666666666666 -0.3849001794597505 0.19160653020833338 0.18677016992916687 0.5699832303458339
-0.6666666666666666 -0.19245008972987526 0.23813987395833358 0.2386427346541667 0.7149224825708328
-0.6666666666666666 0.0 0.48445786145833364 0.5601762124291672 1.5290919353458317
-0.6666666666666666 0.19245008972987526 0.23806773645833365 0.2385606784041665 0.7146961513208322
-0.6666666666666666 0.3849001794597505 0.19159521770833327 0.18676465117916663 0.569955086595834
-0.6666666666666666 0.5773502691896257 0.1886340177083336 0.1797160859041667 0.5569841213208335
-0.6666666666666666 0.769800358919501 0.19160653020833335 0.1867701699291667 0.5699832303458334
-0.6666666666666666 0.9622504486493763 0.23813987395833353 0.2386427346541668 0.7149224825708328
-0.6666666666666666 1.1547005383792515 0.4844578614583337 0.560176212429167 1.5290919353458319
-0.6666666666666666 1.3471506281091268 0.23806773645833357 0.2385606784041666 0.7146961513208328
-0.6666666666666666 1.539600717839002 0.1915952177083332 0.1867646511791668 0.5699550865958337
-0.6666666666666666 1.7320508075688772 0.18863401770833352 0.17971608590416674 0.5569841213208341
-0.6666666666666666 1.9245008972987525 0.19160653020833324 0.18677016992916667 0.5699832303458335
-0.6666666666666666 2.116950987028628 0.23813987395833358 0.23864273465416683 0.714922482570833
-0.6666666666666666 2.309401076758503 0.4844578614583335 0.5601762124291669 1.5290919353458319
-0.5 -2.309401076758503 0.30794152916666634 0.31819948333333364 0.9340825416666658
-0.5 -2.116950987028628 0.23902371279407322 0.23970568257135744 0.7177531081595038
-0.5 -1.9245008972987525 0.23902371279407322 0.23970568257135766 0.7177531081595043
-0.5 -1.7320508075688772 0.3079415291666663 0.31819948333333353 0.9340825416666657
-0.5 -1.539600717839002 0.23916218303925993 0.23984445159530926 0.7181688176738288
-0.5 -1.3471506281091268 0.23916218303925987 0.23984445159530896 0.7181688176738292
-0.5 -1.1547005383792515 0.30794152916666634 0.3181994833333336 0.9340825416666657
-0.5 -0.9622504486493763 0.23902371279407322 0.2397056825713576 0.7177531081595042
-0.5 -0.769800358919501 0.23902371279407328 0.2397056825713577 0.7177531081595048
-0.5 -0.5773502691896257 0.30794152916666634 0.31819948333333353 0.9340825416666656
-0.5 -0.3849001794597505 0.23916218303925987 0.23984445159530915 0.7181688176738288
-0.5 -0.19245008972987526 0.23916218303926007 0.23984445159530904 0.7181688176738292
-0.5 0.0 0.30794152916666634 0.3181994833333336 0.9340825416666657
-0.5 0.19245008972987526 0.23902371279407328 0.23970568257135752 0.7177531081595048
-0.5 0.3849001794597505 0.2390237127940734 0.23970568257135752 0.7177531081595049
-0.5 0.5773502691896257 0.30794152916666634 0.3181994833333336 0.9340825416666657
-0.5 0.769800358919501 0.23916218303925998 0.239844451595309 0.7181688176738291
-0.5 0.9622504486493763 0.23916218303925993 0.2398444515953092 0.718168817673829
-0.5 1.1547005383792515 0.3079415291666663 0.3181994833333335 0.9340825416666655
-0.5 1.3471506281091268 0.23902371279407317 0.23970568257135763 0.7177531081595039
-0.5 1.539600717839002 0.2390237127940732 0.2397056825713576 0.7177531081595042
-0.5 1.7320508075688772 0.3079415291666664 0.31819948333333364 0.9340825416666658
-0.5 1.9245008972987525 0.23916218303925993 0.23984445159530907 0.7181688176738291
-0.5 2.116950987028628 0.23916218303925982 0.2398444515953091 0.7181688176738288
-0.5 2.309401076758503 0.3079415291666663 0.31819948333333353 0.9340825416666655
-0.3333333333333333 -2.309401076758503 0.18863401770833343 0.17971608590416654 0.5569841213208331
-0.3333333333333333 -2.116950987028628 0.19159521770833324 0.18676465117916669 0.5699550865958334
-0.3333333333333333 -1.9245008972987525 0.23806773645833362 0.23856067840416653 0.714696151320833
-0.3333333333333333 -1.7320508075688772 0.4844578614583334 0.5601762124291667 1.529091935345831
-0.3333333333333333 -1.539600717839002 0.23813987395833336 0.23864273465416685 0.7149224825708327
-0.3333333333333333 -1.3471506281091268 0.1916065302083333 0.1867701699291666 0.5699832303458332
-0.3333333333333333 -1.1547005383792515 0.1886340177083335 0.1797160859041668 0.5569841213208336
-0.3333333333333333 -0.9622504486493763 0.19159521770833327 0.18676465117916669 0.5699550865958333
-0.3333333333333333 -0.769800358919501 0.23806773645833362 0.23856067840416653 0.7146961513208324
-0.3333333333333333 -0.5773502691896257 0.48445786145833375 0.5601762124291668 1.529091935345832
-0.3333333333333333 -0.3849001794597505 0.23813987395833358 0.23864273465416674 0.7149224825708328
-0.3333333333333333 -0.19245008972987526 0.1916065302083332 0.1867701699291667 0.5699832303458333
-0.3333333333333333 0.0 0.18863401770833338 0.17971608590416668 0.5569841213208333
-0.3333333333333333 0.19245008972987526 0.19159521770833313 0.1867646511791666 0.5699550865958336
-0.3333333333333333 0.3849001794597505 0.2380677364583336 0.23856067840416662 0.7146961513208321
-0.3333333333333333 0.5773502691896257 0.4844578614583335 0.5601762124291674 1.5290919353458319
-0.3333333333333333 0.769800358919501 0.23813987395833364 0.2386427346541668 0.7149224825708327
-0.3333333333333333 0.9622504486493763 0.19160653020833335 0.1867701699291669 0.5699832303458334
-0.3333333333333333 1.1547005383792515 0.18863401770833338 0.17971608590416668 0.5569841213208337
-0.3333333333333333 1.3471506281091268 0.19159521770833304 0.1867646511791666 0.5699550865958335
-0.3333333333333333 1.539600717839002 0.2380677364583335 0.2385606784041666 0.7146961513208321
-0.3333333333333333 1.7320508075688772 0.4844578614583334 0.560176212429167 1.5290919353458319
-0.3333333333333333 1.9245008972987525 0.23813987395833364 0.23864273465416694 0.7149224825708329
-0.3333333333333333 2.116950987028628 0.19160653020833318 0.18677016992916673 0.569983230345833
-0.3333333333333333 2.309401076758503 0.18863401770833335 0.17971608590416663 0.5569841213208334
-0.16666666666666666 -2.309401076758503 0.10898898149410759 0.10147817712328107 0.31945614011149615
-0.16666666666666666 -2.116950987028628 0.1278048776868724 0.12243455989517017 0.37804431526891447
-0.16666666666666666 -1.9245008972987525 0.2115501686420024 0.2018196321034231 0.6249199693874279
-0.16666666666666666 -1.7320508075688772 0.31264883933922544 0.2834877395433855 0.9087854182218361
-0.16666666666666666 -1.539600717839002 0.21156255564646118 0.20182854177149653 0.6249536530644191
-0.16666666666666666 -1.3471506281091268 0.12782233969133067 0.12245438206324318 0.3780990614459048
-0.16666666666666666 -1.1547005383792515 0.10898898149410757 0.10147817712328111 0.31945614011149603
-0.16666666666666666 -0.9622504486493763 0.1278048776868722 0.12243455989517 0.3780443152689141
-0.16666666666666666 -0.769800358919501 0.21155016864200263 0.20181963210342324 0.6249199693874283
-0.16666666666666666 -0.5773502691896257 0.3126488393392255 0.2834877395433857 0.9087854182218364
-0.16666666666666666 -0.3849001794597505 0.21156255564646112 0.2018285417714964 0.6249536530644191
-0.16666666666666666 -0.19245008972987526 0.12782233969133072 0.1224543820632432 0.37809906144590505
-0.16666666666666666 0.0 0.10898898149410756 0.10147817712328097 0.31945614011149603
-0.16666666666666666 0.19245008972987526 0.12780487768687218 0.1224345598951701 0.37804431526891463
-0.16666666666666666 0.3849001794597505 0.21155016864200263 0.20181963210342327 0.6249199693874283
-0.16666666666666666 0.5773502691896257 0.3126488393392255 0.2834877395433857 0.9087854182218367
-0.16666666666666666 0.769800358919501 0.21156255564646112 0.20182854177149648 0.6249536530644184
-0.16666666666666666 0.9622504486493763 0.12782233969133058 0.1224543820632432 0.37809906144590466
-0.16666666666666666 1.1547005383792515 0.10898898149410753 0.10147817712328107 0.31945614011149603
-0.16666666666666666 1.3471506281091268 0.12780487768687207 0.12243455989517 0.3780443152689146
-0.16666666666666666 1.539600717839002 0.21155016864200266 0.20181963210342352 0.6249199693874286
-0.16666666666666666 1.7320508075688772 0.3126488393392255 0.2834877395433858 0.9087854182218371
-0.16666666666666666 1.9245008972987525 0.2115625556464609 0.20182854177149628 0.6249536530644175
-0.16666666666666666 2.116950987028628 0.1278223396913307 0.12245438206324337 0.37809906144590505
-0.16666666666666666 2.309401076758503 0.10898898149410756 0.10147817712328093 0.31945614011149615
0.0 -2.309401076758503 0.053509302083333335 0.04484368514166666 0.1518622893083333
0.0 -2.116950987028628 0.09964931458333333 0.09871332944166673 0.29801195860833374
0.0 -1.9245008972987525 0.20804238958333313 0.19520303639166664 0.6112878155583333
0.0 -1.7320508075688772 0.2445071895833335 0.2749707181916665 0.7639850973583326
0.0 -1.539600717839002 0.20804238958333313 0.19520303639166683 0.6112878155583336
0.0 -1.3471506281091268 0.09964931458333325 0.09871332944166654 0.29801195860833335
0.0 -1.1547005383792515 0.053509302083333335 0.04484368514166666 0.1518622893083333
0.0 -0.9622504486493763 0.09964931458333331 0.09871332944166668 0.29801195860833346
0.0 -0.769800358919501 0.20804238958333326 0.1952030363916666 0.6112878155583333
0.0 -0.5773502691896257 0.2445071895833335 0.2749707181916665 0.7639850973583326
0.0 -0.3849001794597505 0.20804238958333307 0.19520303639166664 0.6112878155583336
0.0 -0.19245008972987526 0.0996493145833334 0.09871332944166664 0.29801195860833357
0.0 0.0 0.053509302083333335 0.04484368514166666 0.1518622893083333
0.0 0.19245008972987526 0.0996493145833334 0.09871332944166664 0.29801195860833357
0.0 0.3849001794597505 0.20804238958333307 0.19520303639166664 0.6112878155583336
0.0 0.5773502691896257 0.2445071895833335 0.2749707181916665 0.7639850973583326
0.0 0.769800358919501 0.20804238958333326 0.1952030363916666 0.6112878155583333
0.0 0.9622504486493763 0.09964931458333331 0.09871332944166668 0.29801195860833346
0.0 1.1547005383792515 0.053509302083333335 0.04484368514166666 0.1518622893083333
0.0 1.3471506281091268 0.09964931458333325 0.09871332944166654 0.29801195860833335
0.0 1.539600717839002 0.20804238958333313 0.19520303639166683 0.6112878155583336
0.0 1.7320508075688772 0.2445071895833335 0.2749707181916665 0.7639850973583326
0.0 1.9245008972987525 0.20804238958333313 0.19520303639166664 0.6112878155583333
0.0 2.116950987028628 0.09964931458333333 0.09871332944166673 0.29801195860833374
0.0 2.309401076758503 0.053509302083333335 0.04484368514166666 0.1518622893083333
0.16666666666666666 -2.309401076758503 0.10898898149410756 0.10147817712328093 0.31945614011149615
0.16666666666666666 -2.116950987028628 0.1278223396913307 0.12245438206324337 0.37809906144590505
0.16666666666666666 -1.9245008972987525 0.2115625556464609 0.20182854177149628 0.6249536530644175
0.16666666666666666 -1.7320508075688772 0.3126488393392255 0.2834877395433858 0.9087854182218371
0.16666666666666666 -1.539600717839002 0.21155016864200266 0.20181963210342352 0.6249199693874286
0.16666666666666666 -1.3471506281091268 0.12780487768687207 0.12243455989517 0.3780443152689146
0.16666666666666666 -1.1547005383792515 0.10898898149410753 0.10147817712328107 0.31945614011149603
0.16666666666666666 -0.9622504486493763 0.12782233969133058 0.1224543820632432 0.37809906144590466
0.16666666666666666 -0.769800358919501 0.21156255564646112 0.20182854177149648 0.6249536530644184
0.16666666666666666 -0.5773502691896257 0.3126488393392255 0.2834877395433857 0.9087854182218367
0.16666666666666666 -0.3849001794597505 0.21155016864200263 0.20181963210342327 0.6249199693874283
0.16666666666666666 -0.19245008972987526 0.12780487768687218 0.1224345598951701 0.37804431526891463
0.16666666666666666 0.0 0.10898898149410756 0.10147817712328097 0.31945614011149603
0.16666666666666666 0.19245008972987526 0.12782233969133072 0.1224543820632432 0.37809906144590505
0.16666666666666666 0.3849001794597505 0.21156255564646112 0.2018285417714964 0.6249536530644191
0.16666666666666666 0.5773502691896257 0.3126488393392255 0.2834877395433857 0.9087854182218364
0.16666666666666666 0.769800358919501 0.21155016864200263 0.20181963210342324 0.6249199693874283
0.16666666666666666 0.9622504486493763 0.1278048776868722 0.12243455989517 0.3780443152689141
0.16666666666666666 1.1547005383792515 0.10898898149410757 0.10147817712328111 0.31945614011149603
0.16666666666666666 1.3471506281091268 0.12782233969133067 0.12245438206324318 0.3780990614459048
0.16666666666666666 1.539600717839002 0.21156255564646118 0.20182854177149653 0.6249536530644191
0.16666666666666666 1.7320508075688772 0.31264883933922544 0.2834877395433855 0.9087854182218361
0.16666666666666666 1.9245008972987525 0.2115501686420024 0.2018196321034231 0.6249199693874279
0.16666666666666666 2.116950987028628 0.1278048776868724 0.12243455989517017 0.37804431526891447
0.16666666666666666 2.309401076758503 0.10898898149410759 0.10147817712328107 0.31945614011149615
0.3333333333333333 -2.309401076758503 0.18863401770833335 0.17971608590416663 0.5569841213208334
0.3333333333333333 -2.116950987028628 0.19160653020833318 0.18677016992916673 0.569983230345833
0.3333333333333333 -1.9245008972987525 0.23813987395833364 0.23864273465416694 0.7149224825708329
0.3333333333333333 -1.7320508075688772 0.4844578614583334 0.560176212429167 1.5290919353458319
0.3333333333333333 -1.539600717839002 0.2380677364583335 0.2385606784041666 0.7146961513208321
0.3333333333333333 -1.3471506281091268 0.19159521770833304 0.1867646511791666 0.5699550865958335
0.3333333333333333 -1.1547005383792515 0.18863401770833338 0.17971608590416668 0.5569841213208337
0.3333333333333333 -0.9622504486493763 0.19160653020833335 0.1867701699291669 0.5699832303458334
0.3333333333333333 -0.769800358919501 0.23813987395833364 0.2386427346541668 0.7149224825708327
0.3333333333333333 -0.5773502691896257 0.4844578614583335 0.5601762124291674 1.5290919353458319
0.3333333333333333 -0.3849001794597505 0.2380677364583336 0.23856067840416662 0.7146961513208321
0.3333333333333333 -0.19245008972987526 0.19159521770833313 0.1867646511791666 0.5699550865958336
0.3333333333333333 0.0 0.18863401770833338 0.17971608590416668 0.5569841213208333
0.3333333333333333 0.19245008972987526 0.1916065302083332 0.1867701699291667 0.5699832303458333
0.3333333333333333 0.3849001794597505 0.23813987395833358 0.23864273465416674 0.7149224825708328
0.3333333333333333 0.5773502691896257 0.48445786145833375 0.5601762124291668 1.529091935345832
0.3333333333333333 0.769800358919501 0.23806773645833362 0.23856067840416653 0.7146961513208324
0.3333333333333333 0.9622504486493763 0.19159521770833327 0.18676465117916669 0.5699550865958333
0.3333333333333333 1.1547005383792515 0.1886340177083335 0.1797160859041668 0.5569841213208336
0.3333333333333333 1.3471506281091268 0.1916065302083333 0.1867701699291666 0.5699832303458332
0.3333333333333333 1.539600717839002 0.23813987395833336 0.23864273465416685 0.7149224825708327
0.3333333333333333 1.7320508075688772 0.4844578614583334 0.5601762124291667 1.529091935345831
0.3333333333333333 1.9245008972987525 0.23806773645833362 0.23856067840416653 0.714696151320833
0.3333333333333333 2.116950987028628 0.19159521770833324 0.18676465117916669 0.5699550865958334
0.3333333333333333 2.309401076758503 0.18863401770833343 0.17971608590416654 0.5569841213208331
0.5 -2.309401076758503 0.3079415291666663 0.31819948333333353 0.9340825416666655
0.5 -2.116950987028628 0.23916218303925982 0.2398444515953091 0.7181688176738288
0.5 -1.9245008972987525 0.23916218303925993 0.23984445159530907 0.7181688176738291
0.5 -1.7320508075688772 0.3079415291666664 0.31819948333333364 0.9340825416666658
0.5 -1.539600717839002 0.2390237127940732 0.2397056825713576 0.7177531081595042
0.5 -1.3471506281091268 0.23902371279407317 0.23970568257135763 0.7177531081595039
0.5 -1.1547005383792515 0.3079415291666663 0.3181994833333335 0.9340825416666655
0.5 -0.9622504486493763 0.23916218303925993 0.2398444515953092 0.718168817673829
0.5 -0.769800358919501 0.23916218303925998 0.239844451595309 0.7181688176738291
0.5 -0.5773502691896257 0.30794152916666634 0.3181994833333336 0.9340825416666657
0.5 -0.3849001794597505 0.2390237127940734 0.23970568257135752 0.7177531081595049
0.5 -0.19245008972987526 0.23902371279407328 0.23970568257135752 0.7177531081595048
0.5 0.0 0.30794152916666634 0.3181994833333336 0.9340825416666657
0.5 0.19245008972987526 0.23916218303926007 0.23984445159530904 0.7181688176738292
0.5 0.3849001794597505 0.23916218303925987 0.23984445159530915 0.7181688176738288
0.5 0.5773502691896257 0.30794152916666634 0.31819948333333353 0.9340825416666656
0.5 0.769800358919501 0.23902371279407328 0.2397056825713577 0.7177531081595048
0.5 0.9622504486493763 0.23902371279407322 0.2397056825713576 0.7177531081595042
0.5 1.1547005383792515 0.30794152916666634 0.3181994833333336 0.9340825416666657
0.5 1.3471506281091268 0.23916218303925987 0.23984445159530896 0.7181688176738292
0.5 1.539600717839002 0.23916218303925993 0.23984445159530926 0.7181688176738288
0.5 1.7320508075688772 0.3079415291666663 0.31819948333333353 0.9340825416666657
0.5 1.9245008972987525 0.23902371279407322 0.23970568257135766 0.7177531081595043
0.5 2.116950987028628 0.23902371279407322 0.23970568257135744 0.7177531081595038
0.5 2.309401076758503 0.30794152916666634 0.31819948333333364 0.9340825416666658
0.6666666666666666 -2.309401076758503 0.4844578614583335 0.5601762124291669 1.5290919353458319
0.6666666666666666 -2.116950987028628 0.23813987395833358 0.23864273465416683 0.714922482570833
0.6666666666666666 -1.9245008972987525 0.19160653020833324 0.18677016992916667 0.5699832303458335
0.6666666666666666 -1.7320508075688772 0.18863401770833352 0.17971608590416674 0.5569841213208341
0.6666666666666666 -1.539600717839002 0.1915952177083332 0.1867646511791668 0.5699550865958337
0.6666666666666666 -1.3471506281091268 0.23806773645833357 0.2385606784041666 0.7146961513208328
0.6666666666666666 -1.1547005383792515 0.4844578614583337 0.560176212429167 1.5290919353458319
0.6666666666666666 -0.9622504486493763 0.23813987395833353 0.2386427346541668 0.7149224825708328
0.6666666666666666 -0.769800358919501 0.19160653020833335 0.1867701699291667 0.5699832303458334
0.6666666666666666 -0.5773502691896257 0.1886340177083336 0.1797160859041667 0.5569841213208335
0.6666666666666666 -0.3849001794597505 0.19159521770833327 0.18676465117916663 0.569955086595834
0.6666666666666666 -0.19245008972987526 0.23806773645833365 0.2385606784041665 0.7146961513208322
0.6666666666666666 0.0 0.48445786145833364 0.5601762124291672 1.5290919353458317
0.6666666666666666 0.19245008972987526 0.23813987395833358 0.2386427346541667 0.7149224825708328
0.6666666666666666 0.3849001794597505 0.19160653020833338 0.18677016992916687 0.5699832303458339
0.6666666666666666 0.5773502691896257 0.18863401770833343 0.17971608590416657 0.5569841213208335
0.6666666666666666 0.769800358919501 0.1915952177083332 0.18676465117916666 0.5699550865958339
0.6666666666666666 0.9622504486493763 0.23806773645833362 0.23856067840416664 0.7146961513208321
0.6666666666666666 1.1547005383792515 0.4844578614583335 0.5601762124291673 1.529091935345832
0.6666666666666666 1.3471506281091268 0.23813987395833358 0.23864273465416683 0.7149224825708325
0.6666666666666666 1.539600717839002 0.19160653020833335 0.1867701699291669 0.5699832303458336
0.6666666666666666 1.7320508075688772 0.1886340177083336 0.17971608590416674 0.5569841213208341
0.6666666666666666 1.9245008972987525 0.19159521770833304 0.18676465117916666 0.5699550865958337
0.6666666666666666 2.116950987028628 0.23806773645833362 0.23856067840416673 0.7146961513208321
0.6666666666666666 2.309401076758503 0.48445786145833347 0.5601762124291672 1.529091935345832
0.8333333333333334 -2.309401076758503 0.31264883933922544 0.2834877395433855 0.9087854182218361
0.8333333333333334 -2.116950987028628 0.21156255564646106 0.20182854177149642 0.6249536530644187
0.8333333333333334 -1.9245008972987525 0.1278223396913306 0.12245438206324306 0.3780990614459044
0.8333333333333334 -1.7320508075688772 0.10898898149410743 0.10147817712328094 0.3194561401114958
0.8333333333333334 -1.539600717839002 0.12780487768687218 0.12243455989517014 0.378044315268914
0.8333333333333334 -1.3471506281091268 0.21155016864200263 0.2018196321034232 0.6249199693874283
0.8333333333333334 -1.1547005383792515 0.3126488393392255 0.28348773954338574 0.9087854182218361
0.8333333333333334 -0.9622504486493763 0.21156255564646112 0.2018285417714964 0.624953653064419
0.8333333333333334 -0.769800358919501 0.1278223396913307 0.12245438206324326 0.3780990614459049
0.8333333333333334 -0.5773502691896257 0.10898898149410755 0.10147817712328105 0.31945614011149615
0.8333333333333334 -0.3849001794597505 0.12780487768687215 0.12243455989517006 0.3780443152689146
0.8333333333333334 -0.19245008972987526 0.21155016864200263 0.2018196321034232 0.6249199693874284
0.8333333333333334 0.0 0.3126488393392255 0.28348773954338574 0.9087854182218364
0.8333333333333334 0.19245008972987526 0.21156255564646118 0.20182854177149645 0.6249536530644189
0.8333333333333334 0.3849001794597505 0.12782233969133067 0.1224543820632432 0.3780990614459051
0.8333333333333334 0.5773502691896257 0.10898898149410759 0.101478177123281 0.31945614011149615
0.8333333333333334 0.769800358919501 0.12780487768687213 0.12243455989517013 0.3780443152689146
0.8333333333333334 0.9622504486493763 0.21155016864200263 0.2018196321034234 0.624919969387428
0.8333333333333334 1.1547005383792515 0.3126488393392255 0.2834877395433858 0.908785418221837
0.8333333333333334 1.3471506281091268 0.21156255564646115 0.20182854177149648 0.6249536530644182
0.8333333333333334 1.539600717839002 0.1278223396913306 0.12245438206324326 0.37809906144590466
0.8333333333333334 1.7320508075688772 0.10898898149410755 0.10147817712328092 0.3194561401114959
0.8333333333333334 1.9245008972987525 0.12780487768687218 0.12243455989517005 0.37804431526891463
0.8333333333333334 2.116950987028628 0.2115501686420026 0.20181963210342332 0.624919969387428
0.8333333333333334 2.309401076758503 0.3126488393392254 0.28348773954338585 0.9087854182218369
1.0 -2.309401076758503 0.2445071895833335 0.2749707181916665 0.7639850973583326
1.0 -2.116950987028628 0.2080423895833331 0.19520303639166664 0.6112878155583331
1.0 -1.9245008972987525 0.0996493145833333 0.09871332944166664 0.2980119586083334
1.0 -1.7320508075688772 0.053509302083333335 0.04484368514166666 0.1518622893083333
1.0 -1.539600717839002 0.09964931458333341 0.09871332944166673 0.29801195860833374
1.0 -1.3471506281091268 0.20804238958333326 0.1952030363916667 0.6112878155583333
1.0 -1.1547005383792515 0.2445071895833335 0.2749707181916665 0.7639850973583326
1.0 -0.9622504486493763 0.20804238958333318 0.19520303639166667 0.611287815558333
1.0 -0.769800358919501 0.09964931458333333 0.09871332944166665 0.2980119586083337
1.0 -0.5773502691896257 0.053509302083333335 0.04484368514166666 0.1518622893083333
1.0 -0.3849001794597505 0.09964931458333336 0.09871332944166672 0.29801195860833385
1.0 -0.19245008972987526 0.20804238958333326 0.19520303639166667 0.6112878155583336
1.0 0.0 0.2445071895833335 0.2749707181916665 0.7639850973583326
1.0 0.19245008972987526 0.2080423895833332 0.1952030363916666 0.6112878155583333
1.0 0.3849001794597505 0.09964931458333327 0.09871332944166676 0.2980119586083334
1.0 0.5773502691896257 0.053509302083333335 0.04484368514166666 0.1518622893083333
1.0 0.769800358919501 0.09964931458333334 0.09871332944166665 0.2980119586083334
1.0 0.9622504486493763 0.20804238958333318 0.19520303639166672 0.6112878155583333
1.0 1.1547005383792515 0.2445071895833335 0.2749707181916665 0.7639850973583326
1.0 1.3471506281091268 0.20804238958333315 0.19520303639166664 0.6112878155583334
1.0 1.539600717839002 0.09964931458333338 0.09871332944166678 0.2980119586083338
1.0 1.7320508075688772 0.053509302083333335 0.04484368514166666 0.1518622893083333
1.0 1.9245008972987525 0.09964931458333326 0.09871332944166666 0.2980119586083333
1.0 2.116950987028628 0.20804238958333307 0.19520303639166686 0.6112878155583332
1.0 2.309401076758503 0.2445071895833335 0.2749707181916665 0.7639850973583326
1.1666666666666667 -2.309401076758503 0.3126488393392254 0.2834877395433858 0.908785418221837
1.1666666666666667 -2.116950987028628 0.2115501686420028 0.20181963210342338 0.6249199693874281
1.1666666666666667 -1.9245008972987525 0.12780487768687213 0.12243455989517005 0.3780443152689146
1.1666666666666667 -1.7320508075688772 0.1089889814941076 0.10147817712328093 0.3194561401114959
1.1666666666666667 -1.539600717839002 0.1278223396913306 0.12245438206324326 0.3780990614459045
1.1666666666666667 -1.3471506281091268 0.211562555646461 0.20182854177149642 0.624953653064418
1.1666666666666667 -1.1547005383792515 0.31264883933922555 0.28348773954338585 0.9087854182218369
1.1666666666666667 -0.9622504486493763 0.21155016864200277 0.2018196321034234 0.6249199693874287
1.1666666666666667 -0.769800358919501 0.12780487768687213 0.12243455989517006 0.37804431526891463
1.1666666666666667 -0.5773502691896257 0.10898898149410764 0.10147817712328096 0.3194561401114961
1.1666666666666667 -0.3849001794597505 0.12782233969133067 0.1224543820632432 0.3780990614459049
1.1666666666666667 -0.19245008972987526 0.21156255564646112 0.2018285417714964 0.6249536530644184
1.1666666666666667 0.0 0.31264883933922555 0.28348773954338574 0.9087854182218368
1.1666666666666667 0.19245008972987526 0.21155016864200268 0.2018196321034232 0.6249199693874281
1.1666666666666667 0.3849001794597505 0.12780487768687215 0.12243455989517002 0.3780443152689145
1.1666666666666667 0.5773502691896257 0.1089889814941076 0.10147817712328115 0.3194561401114963
1.1666666666666667 0.769800358919501 0.1278223396913307 0.12245438206324327 0.37809906144590494
1.1666666666666667 0.9622504486493763 0.2115625556464611 0.2018285417714965 0.6249536530644191
1.1666666666666667 1.1547005383792515 0.31264883933922544 0.2834877395433858 0.9087854182218363
1.1666666666666667 1.3471506281091268 0.2115501686420026 0.20181963210342327 0.6249199693874286
1.1666666666666667 1.539600717839002 0.1278048776868723 0.1224345598951701 0.378044315268914
1.1666666666666667 1.7320508075688772 0.10898898149410759 0.10147817712328103 0.31945614011149603
1.1666666666666667 1.9245008972987525 0.1278223396913307 0.12245438206324309 0.3780990614459047
1.1666666666666667 2.116950987028628 0.21156255564646112 0.20182854177149653 0.6249536530644186
1.1666666666666667 2.309401076758503 0.31264883933922544 0.28348773954338563 0.9087854182218361
1.3333333333333333 -2.309401076758503 0.4844578614583334 0.560176212429167 1.5290919353458317
1.3333333333333333 -2.116950987028628 0.23806773645833346 0.2385606784041667 0.7146961513208319
1.3333333333333333 -1.9245008972987525 0.19159521770833296 0.18676465117916644 0.5699550865958332
1.3333333333333333 -1.7320508075688772 0.1886340177083334 0.17971608590416674 0.556984121320834
1.3333333333333333 -1.539600717839002 0.1916065302083333 0.1867701699291667 0.569983230345833
1.3333333333333333 -1.3471506281091268 0.2381398739583335 0.2386427346541668 0.7149224825708329
1.3333333333333333 -1.1547005383792515 0.48445786145833347 0.5601762124291673 1.529091935345832
1.3333333333333333 -0.9622504486493763 0.23806773645833346 0.23856067840416648 0.7146961513208319
1.3333333333333333 -0.769800358919501 0.1915952177083331 0.18676465117916652 0.5699550865958335
1.3333333333333333 -0.5773502691896257 0.18863401770833332 0.17971608590416657 0.5569841213208333
1.3333333333333333 -0.3849001794597505 0.19160653020833313 0.18677016992916662 0.5699832303458334
1.3333333333333333 -0.19245008972987526 0.2381398739583336 0.23864273465416658 0.7149224825708325
1.3333333333333333 0.0 0.48445786145833364 0.5601762124291668 1.529091935345832
1.3333333333333333 0.19245008972987526 0.23806773645833354 0.23856067840416648 0.7146961513208326
1.3333333333333333 0.3849001794597505 0.19159521770833296 0.1867646511791665 0.5699550865958336
1.3333333333333333 0.5773502691896257 0.18863401770833346 0.1797160859041666 0.5569841213208332
1.3333333333333333 0.769800358919501 0.19160653020833324 0.18677016992916662 0.5699832303458331
1.3333333333333333 0.9622504486493763 0.23813987395833336 0.23864273465416655 0.7149224825708329
1.3333333333333333 1.1547005383792515 0.4844578614583335 0.5601762124291668 1.5290919353458314
1.3333333333333333 1.3471506281091268 0.23806773645833362 0.23856067840416656 0.7146961513208331
1.3333333333333333 1.539600717839002 0.19159521770833332 0.1867646511791666 0.5699550865958333
1.3333333333333333 1.7320508075688772 0.18863401770833355 0.17971608590416668 0.5569841213208336
1.3333333333333333 1.9245008972987525 0.19160653020833318 0.18677016992916673 0.569983230345833
1.3333333333333333 2.116950987028628 0.23813987395833353 0.23864273465416663 0.7149224825708332
1.3333333333333333 2.309401076758503 0.4844578614583331 0.5601762124291669 1.5290919353458317
1.5 -2.309401076758503 0.3079415291666664 0.31819948333333387 0.9340825416666658
1.5 -2.116950987028628 0.23902371279407314 0.23970568257135755 0.717753108159504
1.5 -1.9245008972987525 0.23902371279407314 0.23970568257135766 0.7177531081595044
1.5 -1.7320508075688772 0.30794152916666634 0.3181994833333336 0.9340825416666658
1.5 -1.539600717839002 0.23916218303925982 0.2398444515953091 0.7181688176738287
1.5 -1.3471506281091268 0.23916218303926 0.23984445159530904 0.7181688176738292
1.5 -1.1547005383792515 0.30794152916666645 0.31819948333333375 0.934082541666666
1.5 -0.9622504486493763 0.23902371279407342 0.23970568257135766 0.7177531081595042
1.5 -0.769800358919501 0.23902371279407317 0.23970568257135744 0.7177531081595047
1.5 -0.5773502691896257 0.30794152916666634 0.31819948333333353 0.9340825416666657
1.5 -0.3849001794597505 0.2391621830392599 0.23984445159530907 0.718168817673829
1.5 -0.19245008972987526 0.23916218303926 0.23984445159530907 0.7181688176738292
1.5 0.0 0.30794152916666634 0.3181994833333336 0.9340825416666657
1.5 0.19245008972987526 0.23902371279407336 0.2397056825713576 0.7177531081595049
1.5 0.3849001794597505 0.23902371279407328 0.23970568257135758 0.7177531081595044
1.5 0.5773502691896257 0.30794152916666634 0.3181994833333336 0.9340825416666657
1.5 0.769800358919501 0.23916218303925996 0.23984445159530898 0.7181688176738287
1.5 0.9622504486493763 0.23916218303925987 0.23984445159530918 0.718168817673829
1.5 1.1547005383792515 0.30794152916666634 0.3181994833333336 0.9340825416666658
1.5 1.3471506281091268 0.23902371279407322 0.23970568257135774 0.7177531081595047
1.5 1.539600717839002 0.23902371279407317 0.2397056825713574 0.7177531081595038
1.5 1.7320508075688772 0.30794152916666645 0.31819948333333364 0.9340825416666658
1.5 1.9245008972987525 0.23916218303925993 0.23984445159530898 0.7181688176738295
1.5 2.116950987028628 0.23916218303925987 0.23984445159530918 0.7181688176738288
1.5 2.309401076758503 0.30794152916666634 0.31819948333333375 0.9340825416666659
1.6666666666666667 -2.309401076758503 0.1886340177083335 0.17971608590416674 0.5569841213208336
1.6666666666666667 -2.116950987028628 0.19159521770833324 0.1867646511791667 0.5699550865958333
1.6666666666666667 -1.9245008972987525 0.23806773645833357 0.23856067840416673 0.7146961513208336
1.6666666666666667 -1.7320508075688772 0.48445786145833347 0.5601762124291667 1.5290919353458312
1.6666666666666667 -1.539600717839002 0.23813987395833336 0.2386427346541668 0.7149224825708328
1.6666666666666667 -1.3471506281091268 0.19160653020833324 0.18677016992916665 0.5699832303458333
1.6666666666666667 -1.1547005383792515 0.1886340177083335 0.1797160859041668 0.5569841213208335
1.6666666666666667 -0.9622504486493763 0.1915952177083332 0.18676465117916674 0.5699550865958334
1.6666666666666667 -0.769800358919501 0.2380677364583335 0.23856067840416645 0.7146961513208323
1.6666666666666667 -0.5773502691896257 0.48445786145833375 0.560176212429167 1.5290919353458319
1.6666666666666667 -0.3849001794597505 0.2381398739583336 0.2386427346541667 0.7149224825708325
1.6666666666666667 -0.19245008972987526 0.19160653020833332 0.18677016992916684 0.5699832303458334
1.6666666666666667 0.0 0.18863401770833338 0.17971608590416668 0.5569841213208333
1.6666666666666667 0.19245008972987526 0.19159521770833313 0.18676465117916663 0.5699550865958336
1.6666666666666667 0.3849001794597505 0.23806773645833362 0.23856067840416656 0.7146961513208329
1.6666666666666667 0.5773502691896257 0.48445786145833364 0.560176212429167 1.5290919353458314
1.6666666666666667 0.769800358919501 0.23813987395833353 0.23864273465416663 0.7149224825708322
1.6666666666666667 0.9622504486493763 0.1916065302083333 0.1867701699291668 0.5699832303458332
1.6666666666666667 1.1547005383792515 0.18863401770833338 0.1797160859041667 0.5569841213208337
1.6666666666666667 1.3471506281091268 0.19159521770833304 0.1867646511791666 0.5699550865958335
1.6666666666666667 1.539600717839002 0.23806773645833348 0.23856067840416664 0.7146961513208321
1.6666666666666667 1.7320508075688772 0.4844578614583334 0.560176212429167 1.5290919353458319
1.6666666666666667 1.9245008972987525 0.23813987395833366 0.23864273465416694 0.7149224825708331
1.6666666666666667 2.116950987028628 0.19160653020833324 0.1867701699291667 0.5699832303458334
1.6666666666666667 2.309401076758503 0.18863401770833346 0.17971608590416682 0.5569841213208339
1.8333333333333333 -2.309401076758503 0.10898898149410757 0.10147817712328105 0.3194561401114965
1.8333333333333333 -2.116950987028628 0.12780487768687235 0.12243455989517006 0.3780443152689143
1.8333333333333333 -1.9245008972987525 0.21155016864200257 0.2018196321034233 0.6249199693874278
1.8333333333333333 -1.7320508075688772 0.31264883933922555 0.2834877395433858 0.9087854182218361
1.8333333333333333 -1.539600717839002 0.21156255564646131 0.20182854177149673 0.6249536530644193
1.8333333333333333 -1.3471506281091268 0.1278223396913306 0.12245438206324316 0.3780990614459045
1.8333333333333333 -1.1547005383792515 0.10898898149410766 0.10147817712328104 0.3194561401114965
1.8333333333333333 -0.9622504486493763 0.12780487768687226 0.1224345598951701 0.37804431526891435
1.8333333333333333 -0.769800358919501 0.2115501686420028 0.20181963210342346 0.6249199693874284
1.8333333333333333 -0.5773502691896257 0.31264883933922566 0.28348773954338585 0.9087854182218367
1.8333333333333333 -0.3849001794597505 0.2115625556464612 0.2018285417714965 0.6249536530644187
1.8333333333333333 -0.19245008972987526 0.12782233969133064 0.12245438206324323 0.3780990614459048
1.8333333333333333 0.0 0.10898898149410763 0.10147817712328111 0.31945614011149664
1.8333333333333333 0.19245008972987526 0.12780487768687213 0.12243455989517005 0.37804431526891424
1.8333333333333333 0.3849001794597505 0.21155016864200274 0.20181963210342344 0.6249199693874282
1.8333333333333333 0.5773502691896257 0.31264883933922577 0.2834877395433858 0.9087854182218369
1.8333333333333333 0.769800358919501 0.2115625556464612 0.2018285417714966 0.6249536530644183
1.8333333333333333 0.9622504486493763 0.1278223396913307 0.12245438206324324 0.37809906144590494
1.8333333333333333 1.1547005383792515 0.10898898149410761 0.10147817712328117 0.3194561401114966
1.8333333333333333 1.3471506281091268 0.1278048776868721 0.12243455989517006 0.37804431526891435
1.8333333333333333 1.539600717839002 0.21155016864200282 0.20181963210342363 0.6249199693874284
1.8333333333333333 1.7320508075688772 0.31264883933922577 0.2834877395433859 0.9087854182218372
1.8333333333333333 1.9245008972987525 0.2115625556464611 0.20182854177149645 0.6249536530644179
1.8333333333333333 2.116950987028628 0.1278223396913307 0.12245438206324326 0.3780990614459047
1.8333333333333333 2.309401076758503 0.1089889814941076 0.10147817712328092 0.3194561401114963
2.0 -2.309401076758503 0.053509302083333335 0.04484368514166666 0.1518622893083333
2.0 -2.116950987028628 0.0996493145833334 0.09871332944166676 0.29801195860833374
2.0 -1.9245008972987525 0.20804238958333313 0.19520303639166664 0.6112878155583339
2.0 -1.7320508075688772 0.2445071895833335 0.2749707181916665 0.7639850973583326
2.0 -1.539600717839002 0.20804238958333304 0.19520303639166672 0.6112878155583331
2.0 -1.3471506281091268 0.09964931458333329 0.09871332944166661 0.2980119586083336
2.0 -1.1547005383792515 0.053509302083333335 0.04484368514166666 0.1518622893083333
2.0 -0.9622504486493763 0.09964931458333331 0.0987133294416667 0.29801195860833357
2.0 -0.769800358919501 0.20804238958333326 0.19520303639166664 0.6112878155583337
2.0 -0.5773502691896257 0.2445071895833335 0.2749707181916665 0.7639850973583326
2.0 -0.3849001794597505 0.20804238958333302 0.19520303639166656 0.6112878155583336
2.0 -0.19245008972987526 0.09964931458333344 0.09871332944166669 0.298011958608334
2.0 0.0 0.053509302083333335 0.04484368514166666 0.1518622893083333
2.0 0.19245008972987526 0.09964931458333336 0.09871332944166672 0.29801195860833385
2.0 0.3849001794597505 0.20804238958333313 0.19520303639166664 0.6112878155583339
2.0 0.5773502691896257 0.2445071895833335 0.2749707181916665 0.7639850973583326
2.0 0.769800358919501 0.20804238958333324 0.19520303639166658 0.6112878155583332
2.0 0.9622504486493763 0.09964931458333331 0.09871332944166673 0.2980119586083336
2.0 1.1547005383792515 0.053509302083333335 0.04484368514166666 0.1518622893083333
2.0 1.3471506281091268 0.0996493145833332 0.09871332944166664 0.29801195860833335
2.0 1.539600717839002 0.20804238958333318 0.19520303639166692 0.6112878155583331
2.0 1.7320508075688772 0.2445071895833335 0.2749707181916665 0.7639850973583326
2.0 1.9245008972987525 0.20804238958333315 0.19520303639166675 0.6112878155583334
2.0 2.116950987028628 0.09964931458333341 0.09871332944166678 0.2980119586083334
2.0 2.309401076758503 0.053509302083333335 0.04484368514166666 0.1518622893083333
