24 12 0.813545026750001
-2.0 -2.309401076758503 0.04076346258333333 0.04076325824999999 0.1222901834166664
-2.0 -2.116950987028628 0.09512957547916669 0.09512936791666673 0.2853885188750005
-2.0 -1.9245008972987525 0.15701986964583337 0.15701962425000016 0.4710593635416669
-2.0 -1.7320508075688772 0.2711817621666667 0.2711815024166665 0.813545026750001
-2.0 -1.539600717839002 0.1570198696458333 0.15701962425000013 0.47105936354166716
-2.0 -1.3471506281091268 0.09512957547916655 0.09512936791666662 0.28538851887499983
-2.0 -1.1547005383792515 0.04076346258333333 0.04076325824999999 0.1222901834166664
-2.0 -0.9622504486493763 0.09512957547916664 0.09512936791666668 0.2853885188750003
-2.0 -0.769800358919501 0.15701986964583337 0.15701962425000016 0.47105936354166683
-2.0 -0.5773502691896257 0.2711817621666667 0.2711815024166665 0.813545026750001
-2.0 -0.3849001794597505 0.1570198696458333 0.15701962425000007 0.4710593635416671
-2.0 -0.19245008972987526 0.0951295754791666 0.09512936791666668 0.28538851887500005
-2.0 0.0 0.04076346258333333 0.04076325824999999 0.1222901834166664
-2.0 0.19245008972987526 0.09512957547916663 0.09512936791666671 0.28538851887500005
-2.0 0.3849001794597505 0.1570198696458333 0.15701962425000007 0.471059363541667
-2.0 0.5773502691896257 0.2711817621666667 0.2711815024166665 0.813545026750001
-2.0 0.769800358919501 0.15701986964583337 0.15701962425000007 0.4710593635416669
-2.0 0.9622504486493763 0.0951295754791666 0.09512936791666667 0.2853885188750004
-2.0 1.1547005383792515 0.04076346258333333 0.04076325824999999 0.1222901834166664
-2.0 1.3471506281091268 0.0951295754791665 0.09512936791666657 0.28538851887499994
-2.0 1.539600717839002 0.15701986964583334 0.15701962425000002 0.47105936354166705
-2.0 1.7320508075688772 0.2711817621666667 0.2711815024166665 0.813545026750001
-2.0 1.9245008972987525 0.1570198696458333 0.15701962425000004 0.4710593635416669
-2.0 2.116950987028628 0.09512957547916666 0.09512936791666671 0.28538851887500055
-2.0 2.309401076758503 0.04076346258333333 0.04076325824999999 0.1222901834166664
-1.8333333333333333 -2.309401076758503 0.06645610857517914 0.06645588980049523 0.19936810695085352
-1.8333333333333333 -2.116950987028628 0.11502681006805605 0.11502658325635755 0.34508020339247025
-1.8333333333333333 -1.9245008972987525 0.16791166878377414 0.16791143213153603 0.5037347696990846
-1.8333333333333333 -1.7320508075688772 0.2596501832164874 0.259649931532838 0.7789502979658115
-1.8333333333333333 -1.539600717839002 0.1679053602236107 0.16790513557697598 0.503715856024198
-1.8333333333333333 -1.3471506281091268 0.11502113038289245 0.11502093270179732 0.34506319346758296
-1.8333333333333333 -1.1547005383792515 0.06645610857517913 0.06645588980049519 0.1993681069508535
-1.8333333333333333 -0.9622504486493763 0.11502681006805615 0.1150265832563576 0.3450802033924703
-1.8333333333333333 -0.769800358919501 0.16791166878377414 0.16791143213153614 0.5037347696990848
-1.8333333333333333 -0.5773502691896257 0.25965018321648725 0.25964993153283805 0.7789502979658115
-1.8333333333333333 -0.3849001794597505 0.1679053602236107 0.16790513557697595 0.5037158560241979
-1.8333333333333333 -0.19245008972987526 0.11502113038289244 0.11502093270179736 0.34506319346758296
-1.8333333333333333 0.0 0.06645610857517915 0.06645588980049524 0.1993681069508536
-1.8333333333333333 0.19245008972987526 0.11502681006805611 0.11502658325635759 0.34508020339247
-1.8333333333333333 0.3849001794597505 0.1679116687837741 0.1679114321315361 0.5037347696990847
-1.8333333333333333 0.5773502691896257 0.25965018321648725 0.259649931532838 0.7789502979658118
-1.8333333333333333 0.769800358919501 0.16790536022361074 0.16790513557697595 0.5037158560241978
-1.8333333333333333 0.9622504486493763 0.11502113038289259 0.11502093270179739 0.34506319346758324
-1.8333333333333333 1.1547005383792515 0.06645610857517915 0.06645588980049522 0.19936810695085364
-1.8333333333333333 1.3471506281091268 0.1150268100680561 0.11502658325635756 0.34508020339247003
-1.8333333333333333 1.539600717839002 0.16791166878377412 0.16791143213153611 0.503734769699085
-1.8333333333333333 1.7320508075688772 0.25965018321648725 0.259649931532838 0.7789502979658118
-1.8333333333333333 1.9245008972987525 0.16790536022361063 0.1679051355769758 0.5037158560241974
-1.8333333333333333 2.116950987028628 0.11502113038289263 0.11502093270179743 0.34506319346758313
-1.8333333333333333 2.309401076758503 0.06645610857517915 0.0664558898004952 0.19936810695085347
-1.6666666666666667 -2.309401076758503 0.11546738135416676 0.11546716741666672 0.3464019301250001
-1.6666666666666667 -2.116950987028628 0.1507064423333335 0.15070620187500017 0.4521190865416668
-1.6666666666666667 -1.9245008972987525 0.19013065610416663 0.1901303992916668 0.5703917115000006
-1.6666666666666667 -1.7320508075688772 0.2569886037708332 0.2569883972499997 0.7709656047916655
-1.6666666666666667 -1.539600717839002 0.19010300766666646 0.19010281629166675 0.5703088316249995
-1.6666666666666667 -1.3471506281091268 0.15069042002083338 0.1506902378750001 0.45207107791666723
-1.6666666666666667 -1.1547005383792515 0.1154673813541667 0.11546716741666668 0.34640193012499987
-1.6666666666666667 -0.9622504486493763 0.15070644233333344 0.15070620187500017 0.4521190865416669
-1.6666666666666667 -0.769800358919501 0.19013065610416657 0.19013039929166675 0.5703917114999997
-1.6666666666666667 -0.5773502691896257 0.25698860377083327 0.25698839724999994 0.7709656047916658
-1.6666666666666667 -0.3849001794597505 0.19010300766666655 0.19010281629166675 0.5703088316249996
-1.6666666666666667 -0.19245008972987526 0.1506904200208333 0.1506902378750001 0.45207107791666723
-1.6666666666666667 0.0 0.11546738135416665 0.11546716741666664 0.346401930125
-1.6666666666666667 0.19245008972987526 0.15070644233333352 0.15070620187500008 0.45211908654166705
-1.6666666666666667 0.3849001794597505 0.19013065610416666 0.19013039929166672 0.5703917114999998
-1.6666666666666667 0.5773502691896257 0.2569886037708333 0.2569883972499999 0.770965604791666
-1.6666666666666667 0.769800358919501 0.1901030076666665 0.19010281629166673 0.5703088316249992
-1.6666666666666667 0.9622504486493763 0.15069042002083335 0.15069023787500005 0.4520710779166672
-1.6666666666666667 1.1547005383792515 0.11546738135416662 0.11546716741666657 0.346401930125
-1.6666666666666667 1.3471506281091268 0.1507064423333334 0.15070620187499995 0.4521190865416671
-1.6666666666666667 1.539600717839002 0.19013065610416655 0.19013039929166672 0.5703917115
-1.6666666666666667 1.7320508075688772 0.2569886037708331 0.2569883972499997 0.7709656047916655
-1.6666666666666667 1.9245008972987525 0.19010300766666666 0.19010281629166678 0.5703088316249998
-1.6666666666666667 2.116950987028628 0.1506904200208333 0.15069023787500002 0.45207107791666706
-1.6666666666666667 2.309401076758503 0.1154673813541666 0.11546716741666664 0.3464019301250001
-1.5 -2.309401076758503 0.1855235132083333 0.18552330866666678 0.5565703350833335
-1.5 -2.116950987028628 0.1763892332794702 0.1763889994918193 0.5291674660507605
-1.5 -1.9245008972987525 0.1763892332794704 0.1763889994918193 0.5291674660507606
-1.5 -1.7320508075688772 0.1855235132083332 0.1855233086666667 0.5565703350833336
-1.5 -1.539600717839002 0.17634036101219616 0.1763401943415139 0.5290209163659062
-1.5 -1.3471506281091268 0.1763403610121961 0.1763401943415139 0.5290209163659065
-1.5 -1.1547005383792515 0.18552351320833324 0.18552330866666672 0.5565703350833338
-1.5 -0.9622504486493763 0.17638923327947026 0.17638899949181935 0.5291674660507607
-1.5 -0.769800358919501 0.17638923327947037 0.1763889994918193 0.5291674660507606
-1.5 -0.5773502691896257 0.18552351320833316 0.18552330866666664 0.5565703350833334
-1.5 -0.3849001794597505 0.17634036101219616 0.17634019434151388 0.5290209163659062
-1.5 -0.19245008972987526 0.17634036101219616 0.1763401943415139 0.5290209163659064
-1.5 0.0 0.18552351320833316 0.18552330866666664 0.5565703350833334
-1.5 0.19245008972987526 0.1763892332794703 0.1763889994918193 0.5291674660507606
-1.5 0.3849001794597505 0.1763892332794702 0.17638899949181933 0.5291674660507606
-1.5 0.5773502691896257 0.18552351320833319 0.18552330866666666 0.5565703350833334
-1.5 0.769800358919501 0.17634036101219613 0.17634019434151388 0.5290209163659063
-1.5 0.9622504486493763 0.17634036101219622 0.17634019434151393 0.5290209163659063
-1.5 1.1547005383792515 0.18552351320833324 0.1855233086666667 0.5565703350833338
-1.5 1.3471506281091268 0.17638923327947037 0.17638899949181927 0.5291674660507605
-1.5 1.539600717839002 0.17638923327947023 0.17638899949181927 0.5291674660507606
-1.5 1.7320508075688772 0.1855235132083332 0.1855233086666667 0.5565703350833336
-1.5 1.9245008972987525 0.1763403610121961 0.17634019434151388 0.5290209163659065
-1.5 2.116950987028628 0.1763403610121962 0.17634019434151388 0.5290209163659063
-1.5 2.309401076758503 0.18552351320833332 0.1855233086666668 0.5565703350833335
-1.3333333333333333 -2.309401076758503 0.25698860377083327 0.2569883972499999 0.7709656047916659
-1.3333333333333333 -2.116950987028628 0.1901306561041666 0.1901303992916667 0.5703917115000002
-1.3333333333333333 -1.9245008972987525 0.1507064423333334 0.15070620187500003 0.45211908654166705
-1.3333333333333333 -1.7320508075688772 0.11546738135416673 0.11546716741666672 0.3464019301250002
-1.3333333333333333 -1.539600717839002 0.15069042002083335 0.15069023787500008 0.4520710779166671
-1.3333333333333333 -1.3471506281091268 0.19010300766666655 0.19010281629166673 0.5703088316249997
-1.3333333333333333 -1.1547005383792515 0.2569886037708332 0.25698839724999994 0.7709656047916661
-1.3333333333333333 -0.9622504486493763 0.19013065610416655 0.1901303992916667 0.5703917115000002
-1.3333333333333333 -0.769800358919501 0.15070644233333347 0.15070620187500003 0.4521190865416669
-1.3333333333333333 -0.5773502691896257 0.11546738135416666 0.11546716741666661 0.3464019301249999
-1.3333333333333333 -0.3849001794597505 0.1506904200208333 0.15069023787500008 0.45207107791666706
-1.3333333333333333 -0.19245008972987526 0.19010300766666655 0.19010281629166675 0.5703088316249995
-1.3333333333333333 0.0 0.25698860377083327 0.25698839724999983 0.7709656047916662
-1.3333333333333333 0.19245008972987526 0.19013065610416666 0.19013039929166675 0.5703917114999998
-1.3333333333333333 0.3849001794597505 0.15070644233333347 0.1507062018750001 0.452119086541667
-1.3333333333333333 0.5773502691896257 0.11546738135416659 0.11546716741666667 0.3464019301249998
-1.3333333333333333 0.769800358919501 0.1506904200208333 0.15069023787500008 0.4520710779166671
-1.3333333333333333 0.9622504486493763 0.19010300766666655 0.19010281629166678 0.5703088316249995
-1.3333333333333333 1.1547005383792515 0.2569886037708333 0.25698839724999983 0.7709656047916659
-1.3333333333333333 1.3471506281091268 0.1901306561041667 0.1901303992916668 0.5703917115000005
-1.3333333333333333 1.539600717839002 0.15070644233333347 0.15070620187500008 0.45211908654166694
-1.3333333333333333 1.7320508075688772 0.11546738135416675 0.11546716741666675 0.3464019301250002
-1.3333333333333333 1.9245008972987525 0.15069042002083327 0.15069023787500005 0.4520710779166673
-1.3333333333333333 2.116950987028628 0.1901030076666664 0.19010281629166678 0.5703088316249996
-1.3333333333333333 2.309401076758503 0.2569886037708334 0.25698839724999983 0.7709656047916658
-1.1666666666666667 -2.309401076758503 0.25965018321648725 0.25964993153283805 0.7789502979658118
-1.1666666666666667 -2.116950987028628 0.16791166878377403 0.16791143213153603 0.5037347696990848
-1.1666666666666667 -1.9245008972987525 0.11502681006805614 0.11502658325635758 0.3450802033924701
-1.1666666666666667 -1.7320508075688772 0.06645610857517911 0.0664558898004951 0.19936810695085344
-1.1666666666666667 -1.539600717839002 0.11502113038289254 0.11502093270179733 0.3450631934675829
-1.1666666666666667 -1.3471506281091268 0.1679053602236107 0.16790513557697584 0.5037158560241977
-1.1666666666666667 -1.1547005383792515 0.25965018321648725 0.259649931532838 0.778950297965812
-1.1666666666666667 -0.9622504486493763 0.1679116687837741 0.16791143213153614 0.5037347696990848
-1.1666666666666667 -0.769800358919501 0.1150268100680562 0.11502658325635758 0.34508020339247
-1.1666666666666667 -0.5773502691896257 0.06645610857517911 0.0664558898004952 0.1993681069508536
-1.1666666666666667 -0.3849001794597505 0.11502113038289243 0.1150209327017974 0.3450631934675831
-1.1666666666666667 -0.19245008972987526 0.16790536022361066 0.1679051355769759 0.5037158560241977
-1.1666666666666667 0.0 0.25965018321648725 0.2596499315328381 0.7789502979658115
-1.1666666666666667 0.19245008972987526 0.1679116687837741 0.16791143213153614 0.5037347696990846
-1.1666666666666667 0.3849001794597505 0.11502681006805608 0.1150265832563576 0.34508020339247003
-1.1666666666666667 0.5773502691896257 0.06645610857517917 0.0664558898004952 0.19936810695085355
-1.1666666666666667 0.769800358919501 0.11502113038289245 0.11502093270179733 0.34506319346758296
-1.1666666666666667 0.9622504486493763 0.1679053602236107 0.16790513557697598 0.5037158560241979
-1.1666666666666667 1.1547005383792515 0.2596501832164873 0.2596499315328381 0.7789502979658117
-1.1666666666666667 1.3471506281091268 0.16791166878377412 0.16791143213153614 0.5037347696990848
-1.1666666666666667 1.539600717839002 0.11502681006805604 0.11502658325635746 0.34508020339247
-1.1666666666666667 1.7320508075688772 0.0664561085751791 0.06645588980049516 0.1993681069508533
-1.1666666666666667 1.9245008972987525 0.11502113038289251 0.11502093270179738 0.34506319346758313
-1.1666666666666667 2.116950987028628 0.1679053602236106 0.1679051355769759 0.5037158560241977
-1.1666666666666667 2.309401076758503 0.2596501832164874 0.25964993153283805 0.7789502979658115
-1.0 -2.309401076758503 0.2711817621666667 0.2711815024166665 0.813545026750001
-1.0 -2.116950987028628 0.1570198696458333 0.15701962425000016 0.4710593635416673
-1.0 -1.9245008972987525 0.0951295754791666 0.09512936791666671 0.28538851887500005
-1.0 -1.7320508075688772 0.04076346258333333 0.04076325824999999 0.1222901834166664
-1.0 -1.539600717839002 0.09512957547916666 0.09512936791666667 0.28538851887500033
-1.0 -1.3471506281091268 0.1570198696458334 0.15701962425000018 0.471059363541667
-1.0 -1.1547005383792515 0.2711817621666667 0.2711815024166665 0.813545026750001
-1.0 -0.9622504486493763 0.15701986964583337 0.1570196242500001 0.47105936354166705
-1.0 -0.769800358919501 0.0951295754791666 0.09512936791666668 0.28538851887500016
-1.0 -0.5773502691896257 0.04076346258333333 0.04076325824999999 0.1222901834166664
-1.0 -0.3849001794597505 0.09512957547916664 0.09512936791666664 0.28538851887500016
-1.0 -0.19245008972987526 0.15701986964583334 0.1570196242500001 0.47105936354166716
-1.0 0.0 0.2711817621666667 0.2711815024166665 0.813545026750001
-1.0 0.19245008972987526 0.15701986964583334 0.1570196242500001 0.4710593635416672
-1.0 0.3849001794597505 0.09512957547916664 0.09512936791666667 0.28538851887500005
-1.0 0.5773502691896257 0.04076346258333333 0.04076325824999999 0.1222901834166664
-1.0 0.769800358919501 0.0951295754791666 0.09512936791666672 0.2853885188750001
-1.0 0.9622504486493763 0.15701986964583337 0.15701962425000007 0.471059363541667
-1.0 1.1547005383792515 0.2711817621666667 0.2711815024166665 0.813545026750001
-1.0 1.3471506281091268 0.1570198696458334 0.15701962425000018 0.47105936354166705
-1.0 1.539600717839002 0.09512957547916666 0.0951293679166667 0.28538851887500033
-1.0 1.7320508075688772 0.04076346258333333 0.04076325824999999 0.1222901834166664
-1.0 1.9245008972987525 0.09512957547916658 0.09512936791666667 0.28538851887500016
-1.0 2.116950987028628 0.15701986964583334 0.15701962425000004 0.471059363541667
-1.0 2.309401076758503 0.2711817621666667 0.2711815024166665 0.813545026750001
-0.8333333333333334 -2.309401076758503 0.2596501832164874 0.25964993153283805 0.7789502979658114
-0.8333333333333334 -2.116950987028628 0.1679053602236106 0.1679051355769759 0.5037158560241977
-0.8333333333333334 -1.9245008972987525 0.11502113038289243 0.1150209327017974 0.34506319346758296
-0.8333333333333334 -1.7320508075688772 0.06645610857517906 0.06645588980049513 0.19936810695085314
-0.8333333333333334 -1.539600717839002 0.11502681006805598 0.11502658325635744 0.34508020339247
-0.8333333333333334 -1.3471506281091268 0.1679116687837741 0.16791143213153611 0.5037347696990846
-0.8333333333333334 -1.1547005383792515 0.25965018321648736 0.25964993153283805 0.7789502979658116
-0.8333333333333334 -0.9622504486493763 0.16790536022361058 0.16790513557697587 0.5037158560241977
-0.8333333333333334 -0.769800358919501 0.11502113038289243 0.11502093270179736 0.34506319346758285
-0.8333333333333334 -0.5773502691896257 0.06645610857517915 0.06645588980049519 0.1993681069508535
-0.8333333333333334 -0.3849001794597505 0.11502681006805605 0.11502658325635758 0.34508020339247
-0.8333333333333334 -0.19245008972987526 0.16791166878377403 0.16791143213153611 0.5037347696990846
-0.8333333333333334 0.0 0.25965018321648725 0.25964993153283816 0.7789502979658114
-0.8333333333333334 0.19245008972987526 0.16790536022361063 0.1679051355769759 0.5037158560241977
-0.8333333333333334 0.3849001794597505 0.11502113038289252 0.11502093270179736 0.345063193467583
-0.8333333333333334 0.5773502691896257 0.06645610857517908 0.06645588980049519 0.1993681069508535
-0.8333333333333334 0.769800358919501 0.11502681006805615 0.1150265832563576 0.3450802033924699
-0.8333333333333334 0.9622504486493763 0.167911668783774 0.1679114321315361 0.5037347696990847
-0.8333333333333334 1.1547005383792515 0.2596501832164872 0.259649931532838 0.7789502979658119
-0.8333333333333334 1.3471506281091268 0.16790536022361066 0.16790513557697584 0.5037158560241974
-0.8333333333333334 1.539600717839002 0.11502113038289251 0.11502093270179733 0.34506319346758285
-0.8333333333333334 1.7320508075688772 0.06645610857517911 0.06645588980049513 0.1993681069508534
-0.8333333333333334 1.9245008972987525 0.11502681006805607 0.11502658325635752 0.3450802033924701
-0.8333333333333334 2.116950987028628 0.16791166878377403 0.167911432131536 0.5037347696990848
-0.8333333333333334 2.309401076758503 0.2596501832164872 0.25964993153283805 0.778950297965812
-0.6666666666666666 -2.309401076758503 0.2569886037708333 0.25698839724999983 0.7709656047916655
-0.6666666666666666 -2.116950987028628 0.19010300766666652 0.1901028162916668 0.5703088316249998
-0.6666666666666666 -1.9245008972987525 0.15069042002083333 0.15069023787500016 0.4520710779166671
-0.6666666666666666 -1.7320508075688772 0.11546738135416677 0.11546716741666672 0.3464019301250002
-0.6666666666666666 -1.539600717839002 0.1507064423333335 0.1507062018750002 0.45211908654166705
-0.6666666666666666 -1.3471506281091268 0.19013065610416666 0.19013039929166675 0.5703917114999998
-0.6666666666666666 -1.1547005383792515 0.2569886037708332 0.2569883972499998 0.7709656047916656
-0.6666666666666666 -0.9622504486493763 0.19010300766666652 0.19010281629166678 0.5703088316249998
-0.6666666666666666 -0.769800358919501 0.15069042002083335 0.15069023787500008 0.4520710779166671
-0.6666666666666666 -0.5773502691896257 0.11546738135416665 0.11546716741666672 0.3464019301250001
-0.6666666666666666 -0.3849001794597505 0.15070644233333352 0.15070620187500017 0.45211908654166694
-0.6666666666666666 -0.19245008972987526 0.19013065610416666 0.1901303992916668 0.5703917114999999
-0.6666666666666666 0.0 0.25698860377083327 0.2569883972499998 0.770965604791666
-0.6666666666666666 0.19245008972987526 0.19010300766666655 0.19010281629166678 0.5703088316249996
-0.6666666666666666 0.3849001794597505 0.15069042002083335 0.1506902378750001 0.45207107791666723
-0.6666666666666666 0.5773502691896257 0.1154673813541667 0.11546716741666663 0.3464019301249999
-0.6666666666666666 0.769800358919501 0.15070644233333352 0.15070620187500008 0.45211908654166705
-0.6666666666666666 0.9622504486493763 0.1901306561041666 0.1901303992916667 0.5703917115000001
-0.6666666666666666 1.1547005383792515 0.2569886037708332 0.25698839724999983 0.7709656047916659
-0.6666666666666666 1.3471506281091268 0.1901030076666665 0.19010281629166673 0.5703088316249997
-0.6666666666666666 1.539600717839002 0.1506904200208334 0.15069023787500008 0.4520710779166671
-0.6666666666666666 1.7320508075688772 0.11546738135416675 0.11546716741666675 0.3464019301250005
-0.6666666666666666 1.9245008972987525 0.1507064423333334 0.150706201875 0.452119086541667
-0.6666666666666666 2.116950987028628 0.1901306561041666 0.19013039929166672 0.5703917115000003
-0.6666666666666666 2.309401076758503 0.25698860377083327 0.2569883972499999 0.7709656047916659
-0.5 -2.309401076758503 0.18552351320833319 0.18552330866666666 0.5565703350833334
-0.5 -2.116950987028628 0.1763403610121962 0.1763401943415139 0.5290209163659063
-0.5 -1.9245008972987525 0.17634036101219608 0.1763401943415139 0.5290209163659064
-0.5 -1.7320508075688772 0.18552351320833319 0.18552330866666666 0.5565703350833335
-0.5 -1.539600717839002 0.1763892332794702 0.1763889994918193 0.5291674660507606
-0.5 -1.3471506281091268 0.17638923327947034 0.17638899949181927 0.5291674660507604
-0.5 -1.1547005383792515 0.18552351320833313 0.1855233086666666 0.5565703350833334
-0.5 -0.9622504486493763 0.1763403610121962 0.17634019434151393 0.5290209163659063
-0.5 -0.769800358919501 0.17634036101219613 0.17634019434151388 0.5290209163659064
-0.5 -0.5773502691896257 0.18552351320833316 0.18552330866666664 0.5565703350833334
-0.5 -0.3849001794597505 0.17638923327947026 0.17638899949181935 0.5291674660507607
-0.5 -0.19245008972987526 0.17638923327947026 0.1763889994918193 0.5291674660507606
-0.5 0.0 0.18552351320833316 0.18552330866666664 0.5565703350833334
-0.5 0.19245008972987526 0.17634036101219616 0.1763401943415139 0.5290209163659063
-0.5 0.3849001794597505 0.17634036101219622 0.1763401943415139 0.5290209163659063
-0.5 0.5773502691896257 0.18552351320833316 0.18552330866666664 0.5565703350833334
-0.5 0.769800358919501 0.1763892332794703 0.1763889994918193 0.5291674660507605
-0.5 0.9622504486493763 0.17638923327947023 0.17638899949181935 0.5291674660507606
-0.5 1.1547005383792515 0.18552351320833313 0.1855233086666666 0.5565703350833334
-0.5 1.3471506281091268 0.17634036101219613 0.17634019434151385 0.5290209163659064
-0.5 1.539600717839002 0.17634036101219622 0.1763401943415139 0.5290209163659063
-0.5 1.7320508075688772 0.1855235132083332 0.1855233086666667 0.5565703350833334
-0.5 1.9245008972987525 0.17638923327947037 0.1763889994918193 0.5291674660507605
-0.5 2.116950987028628 0.17638923327947023 0.1763889994918193 0.5291674660507606
-0.5 2.309401076758503 0.18552351320833316 0.18552330866666664 0.5565703350833335
-0.3333333333333333 -2.309401076758503 0.1154673813541666 0.11546716741666659 0.3464019301249998
-0.3333333333333333 -2.116950987028628 0.15069042002083324 0.150690237875 0.45207107791666695
-0.3333333333333333 -1.9245008972987525 0.1901030076666666 0.19010281629166675 0.5703088316249997
-0.3333333333333333 -1.7320508075688772 0.2569886037708331 0.2569883972499997 0.7709656047916655
-0.3333333333333333 -1.539600717839002 0.19013065610416655 0.1901303992916667 0.5703917115
-0.3333333333333333 -1.3471506281091268 0.15070644233333347 0.15070620187500006 0.4521190865416671
-0.3333333333333333 -1.1547005383792515 0.11546738135416663 0.11546716741666661 0.3464019301249999
-0.3333333333333333 -0.9622504486493763 0.15069042002083335 0.15069023787500008 0.4520710779166672
-0.3333333333333333 -0.769800358919501 0.19010300766666655 0.19010281629166675 0.5703088316249995
-0.3333333333333333 -0.5773502691896257 0.2569886037708333 0.25698839724999983 0.7709656047916661
-0.3333333333333333 -0.3849001794597505 0.1901306561041666 0.19013039929166678 0.5703917114999999
-0.3333333333333333 -0.19245008972987526 0.15070644233333352 0.15070620187500008 0.45211908654166694
-0.3333333333333333 0.0 0.11546738135416662 0.11546716741666664 0.346401930125
-0.3333333333333333 0.19245008972987526 0.1506904200208333 0.15069023787500008 0.4520710779166671
-0.3333333333333333 0.3849001794597505 0.19010300766666655 0.1901028162916668 0.5703088316249995
-0.3333333333333333 0.5773502691896257 0.25698860377083327 0.2569883972499999 0.7709656047916659
-0.3333333333333333 0.769800358919501 0.19013065610416666 0.19013039929166678 0.5703917115
-0.3333333333333333 0.9622504486493763 0.15070644233333347 0.1507062018750001 0.452119086541667
-0.3333333333333333 1.1547005383792515 0.11546738135416665 0.11546716741666668 0.3464019301249998
-0.3333333333333333 1.3471506281091268 0.15069042002083333 0.15069023787500013 0.4520710779166673
-0.3333333333333333 1.539600717839002 0.19010300766666646 0.19010281629166673 0.5703088316249996
-0.3333333333333333 1.7320508075688772 0.2569886037708332 0.2569883972499997 0.7709656047916654
-0.3333333333333333 1.9245008972987525 0.19013065610416663 0.19013039929166675 0.5703917114999999
-0.3333333333333333 2.116950987028628 0.15070644233333344 0.15070620187500008 0.45211908654166666
-0.3333333333333333 2.309401076758503 0.11546738135416666 0.11546716741666664 0.34640193012499976
-0.16666666666666666 -2.309401076758503 0.06645610857517917 0.06645588980049516 0.19936810695085347
-0.16666666666666666 -2.116950987028628 0.1150211303828926 0.11502093270179743 0.34506319346758324
-0.16666666666666666 -1.9245008972987525 0.16790536022361055 0.16790513557697576 0.5037158560241973
-0.16666666666666666 -1.7320508075688772 0.2596501832164873 0.2596499315328381 0.7789502979658123
-0.16666666666666666 -1.539600717839002 0.1679116687837741 0.16791143213153611 0.503734769699085
-0.16666666666666666 -1.3471506281091268 0.11502681006805605 0.11502658325635753 0.3450802033924699
-0.16666666666666666 -1.1547005383792515 0.06645610857517911 0.06645588980049519 0.19936810695085352
-0.16666666666666666 -0.9622504486493763 0.11502113038289251 0.11502093270179735 0.3450631934675829
-0.16666666666666666 -0.769800358919501 0.16790536022361066 0.1679051355769759 0.5037158560241977
-0.16666666666666666 -0.5773502691896257 0.25965018321648725 0.25964993153283805 0.7789502979658116
-0.16666666666666666 -0.3849001794597505 0.16791166878377395 0.16791143213153606 0.5037347696990846
-0.16666666666666666 -0.19245008972987526 0.11502681006805611 0.11502658325635755 0.34508020339247
-0.16666666666666666 0.0 0.06645610857517908 0.06645588980049516 0.19936810695085344
-0.16666666666666666 0.19245008972987526 0.11502113038289245 0.11502093270179738 0.34506319346758296
-0.16666666666666666 0.3849001794597505 0.16790536022361058 0.16790513557697587 0.5037158560241977
-0.16666666666666666 0.5773502691896257 0.25965018321648725 0.2596499315328381 0.7789502979658116
-0.16666666666666666 0.769800358919501 0.1679116687837741 0.16791143213153611 0.5037347696990846
-0.16666666666666666 0.9622504486493763 0.11502681006805601 0.1150265832563575 0.3450802033924699
-0.16666666666666666 1.1547005383792515 0.06645610857517911 0.06645588980049517 0.19936810695085327
-0.16666666666666666 1.3471506281091268 0.11502113038289238 0.11502093270179728 0.34506319346758285
-0.16666666666666666 1.539600717839002 0.1679053602236107 0.16790513557697598 0.5037158560241979
-0.16666666666666666 1.7320508075688772 0.2596501832164874 0.25964993153283805 0.7789502979658116
-0.16666666666666666 1.9245008972987525 0.16791166878377403 0.16791143213153603 0.5037347696990844
-0.16666666666666666 2.116950987028628 0.11502681006805605 0.11502658325635753 0.34508020339247025
-0.16666666666666666 2.309401076758503 0.0664561085751791 0.0664558898004952 0.1993681069508534
0.0 -2.309401076758503 0.04076346258333333 0.04076325824999999 0.1222901834166664
0.0 -2.116950987028628 0.09512957547916666 0.09512936791666668 0.2853885188750004
0.0 -1.9245008972987525 0.15701986964583328 0.15701962425000007 0.4710593635416668
0.0 -1.7320508075688772 0.2711817621666667 0.2711815024166665 0.813545026750001
0.0 -1.539600717839002 0.15701986964583337 0.1570196242500001 0.4710593635416672
0.0 -1.3471506281091268 0.09512957547916646 0.09512936791666657 0.28538851887499983
0.0 -1.1547005383792515 0.04076346258333333 0.04076325824999999 0.1222901834166664
0.0 -0.9622504486493763 0.09512957547916659 0.09512936791666662 0.28538851887500016
0.0 -0.769800358919501 0.15701986964583334 0.1570196242500001 0.471059363541667
0.0 -0.5773502691896257 0.2711817621666667 0.2711815024166665 0.813545026750001
0.0 -0.3849001794597505 0.15701986964583334 0.15701962425000007 0.47105936354166705
0.0 -0.19245008972987526 0.09512957547916659 0.0951293679166667 0.28538851887500005
0.0 0.0 0.04076346258333333 0.04076325824999999 0.1222901834166664
0.0 0.19245008972987526 0.09512957547916659 0.0951293679166667 0.28538851887500005
0.0 0.3849001794597505 0.15701986964583334 0.15701962425000007 0.47105936354166705
0.0 0.5773502691896257 0.2711817621666667 0.2711815024166665 0.813545026750001
0.0 0.769800358919501 0.15701986964583334 0.1570196242500001 0.471059363541667
0.0 0.9622504486493763 0.09512957547916659 0.09512936791666662 0.28538851887500016
0.0 1.1547005383792515 0.04076346258333333 0.04076325824999999 0.1222901834166664
0.0 1.3471506281091268 0.09512957547916646 0.09512936791666657 0.28538851887499983
0.0 1.539600717839002 0.15701986964583337 0.1570196242500001 0.4710593635416672
0.0 1.7320508075688772 0.2711817621666667 0.2711815024166665 0.813545026750001
0.0 1.9245008972987525 0.15701986964583328 0.15701962425000007 0.4710593635416668
0.0 2.116950987028628 0.09512957547916666 0.09512936791666668 0.2853885188750004
0.0 2.309401076758503 0.04076346258333333 0.04076325824999999 0.1222901834166664
0.16666666666666666 -2.309401076758503 0.0664561085751791 0.0664558898004952 0.1993681069508534
0.16666666666666666 -2.116950987028628 0.11502681006805605 0.11502658325635753 0.34508020339247025
0.16666666666666666 -1.9245008972987525 0.16791166878377403 0.16791143213153603 0.5037347696990844
0.16666666666666666 -1.7320508075688772 0.2596501832164874 0.25964993153283805 0.7789502979658116
0.16666666666666666 -1.539600717839002 0.1679053602236107 0.16790513557697598 0.5037158560241979
0.16666666666666666 -1.3471506281091268 0.11502113038289238 0.11502093270179728 0.34506319346758285
0.16666666666666666 -1.1547005383792515 0.06645610857517911 0.06645588980049517 0.19936810695085327
0.16666666666666666 -0.9622504486493763 0.11502681006805601 0.1150265832563575 0.3450802033924699
0.16666666666666666 -0.769800358919501 0.1679116687837741 0.16791143213153611 0.5037347696990846
0.16666666666666666 -0.5773502691896257 0.25965018321648725 0.2596499315328381 0.7789502979658116
0.16666666666666666 -0.3849001794597505 0.16790536022361058 0.16790513557697587 0.5037158560241977
0.16666666666666666 -0.19245008972987526 0.11502113038289245 0.11502093270179738 0.34506319346758296
0.16666666666666666 0.0 0.06645610857517908 0.06645588980049516 0.19936810695085344
0.16666666666666666 0.19245008972987526 0.11502681006805611 0.11502658325635755 0.34508020339247
0.16666666666666666 0.3849001794597505 0.16791166878377395 0.16791143213153606 0.5037347696990846
0.16666666666666666 0.5773502691896257 0.25965018321648725 0.25964993153283805 0.7789502979658116
0.16666666666666666 0.769800358919501 0.16790536022361066 0.1679051355769759 0.5037158560241977
0.16666666666666666 0.9622504486493763 0.11502113038289251 0.11502093270179735 0.3450631934675829
0.16666666666666666 1.1547005383792515 0.06645610857517911 0.06645588980049519 0.19936810695085352
0.16666666666666666 1.3471506281091268 0.11502681006805605 0.11502658325635753 0.3450802033924699
0.16666666666666666 1.539600717839002 0.1679116687837741 0.16791143213153611 0.503734769699085
0.16666666666666666 1.7320508075688772 0.2596501832164873 0.2596499315328381 0.7789502979658123
0.16666666666666666 1.9245008972987525 0.16790536022361055 0.16790513557697576 0.5037158560241973
0.16666666666666666 2.116950987028628 0.1150211303828926 0.11502093270179743 0.34506319346758324
0.16666666666666666 2.309401076758503 0.06645610857517917 0.06645588980049516 0.19936810695085347
0.3333333333333333 -2.309401076758503 0.11546738135416666 0.11546716741666664 0.34640193012499976
0.3333333333333333 -2.116950987028628 0.15070644233333344 0.15070620187500008 0.45211908654166666
0.3333333333333333 -1.9245008972987525 0.19013065610416663 0.19013039929166675 0.5703917114999999
0.3333333333333333 -1.7320508075688772 0.2569886037708332 0.2569883972499997 0.7709656047916654
0.3333333333333333 -1.539600717839002 0.19010300766666646 0.19010281629166673 0.5703088316249996
0.3333333333333333 -1.3471506281091268 0.15069042002083333 0.15069023787500013 0.4520710779166673
0.3333333333333333 -1.1547005383792515 0.11546738135416665 0.11546716741666668 0.3464019301249998
0.3333333333333333 -0.9622504486493763 0.15070644233333347 0.1507062018750001 0.452119086541667
0.3333333333333333 -0.769800358919501 0.19013065610416666 0.19013039929166678 0.5703917115
0.3333333333333333 -0.5773502691896257 0.25698860377083327 0.2569883972499999 0.7709656047916659
0.3333333333333333 -0.3849001794597505 0.19010300766666655 0.1901028162916668 0.5703088316249995
0.3333333333333333 -0.19245008972987526 0.1506904200208333 0.15069023787500008 0.4520710779166671
0.3333333333333333 0.0 0.11546738135416662 0.11546716741666664 0.346401930125
0.3333333333333333 0.19245008972987526 0.15070644233333352 0.15070620187500008 0.45211908654166694
0.3333333333333333 0.3849001794597505 0.1901306561041666 0.19013039929166678 0.5703917114999999
0.3333333333333333 0.5773502691896257 0.2569886037708333 0.25698839724999983 0.7709656047916661
0.3333333333333333 0.769800358919501 0.19010300766666655 0.19010281629166675 0.5703088316249995
0.3333333333333333 0.9622504486493763 0.15069042002083335 0.15069023787500008 0.4520710779166672
0.3333333333333333 1.1547005383792515 0.11546738135416663 0.11546716741666661 0.3464019301249999
0.3333333333333333 1.3471506281091268 0.15070644233333347 0.15070620187500006 0.4521190865416671
0.3333333333333333 1.539600717839002 0.19013065610416655 0.1901303992916667 0.5703917115
0.3333333333333333 1.7320508075688772 0.2569886037708331 0.2569883972499997 0.7709656047916655
0.3333333333333333 1.9245008972987525 0.1901030076666666 0.19010281629166675 0.5703088316249997
0.3333333333333333 2.116950987028628 0.15069042002083324 0.150690237875 0.45207107791666695
0.3333333333333333 2.309401076758503 0.1154673813541666 0.11546716741666659 0.3464019301249998
0.5 -2.309401076758503 0.18552351320833316 0.18552330866666664 0.5565703350833335
0.5 -2.116950987028628 0.17638923327947023 0.1763889994918193 0.5291674660507606
0.5 -1.9245008972987525 0.17638923327947037 0.1763889994918193 0.5291674660507605
0.5 -1.7320508075688772 0.1855235132083332 0.1855233086666667 0.5565703350833334
0.5 -1.539600717839002 0.17634036101219622 0.1763401943415139 0.5290209163659063
0.5 -1.3471506281091268 0.17634036101219613 0.17634019434151385 0.5290209163659064
0.5 -1.1547005383792515 0.18552351320833313 0.1855233086666666 0.5565703350833334
0.5 -0.9622504486493763 0.17638923327947023 0.17638899949181935 0.5291674660507606
0.5 -0.769800358919501 0.1763892332794703 0.1763889994918193 0.5291674660507605
0.5 -0.5773502691896257 0.18552351320833316 0.18552330866666664 0.5565703350833334
0.5 -0.3849001794597505 0.17634036101219622 0.1763401943415139 0.5290209163659063
0.5 -0.19245008972987526 0.17634036101219616 0.1763401943415139 0.5290209163659063
0.5 0.0 0.18552351320833316 0.18552330866666664 0.5565703350833334
0.5 0.19245008972987526 0.17638923327947026 0.1763889994918193 0.5291674660507606
0.5 0.3849001794597505 0.17638923327947026 0.17638899949181935 0.5291674660507607
0.5 0.5773502691896257 0.18552351320833316 0.18552330866666664 0.5565703350833334
0.5 0.769800358919501 0.17634036101219613 0.17634019434151388 0.5290209163659064
0.5 0.9622504486493763 0.1763403610121962 0.17634019434151393 0.5290209163659063
0.5 1.1547005383792515 0.18552351320833313 0.1855233086666666 0.5565703350833334
0.5 1.3471506281091268 0.17638923327947034 0.17638899949181927 0.5291674660507604
0.5 1.539600717839002 0.1763892332794702 0.1763889994918193 0.5291674660507606
0.5 1.7320508075688772 0.18552351320833319 0.18552330866666666 0.5565703350833335
0.5 1.9245008972987525 0.17634036101219608 0.1763401943415139 0.5290209163659064
0.5 2.116950987028628 0.1763403610121962 0.1763401943415139 0.5290209163659063
0.5 2.309401076758503 0.18552351320833319 0.18552330866666666 0.5565703350833334
0.6666666666666666 -2.309401076758503 0.25698860377083327 0.2569883972499999 0.7709656047916659
0.6666666666666666 -2.116950987028628 0.1901306561041666 0.19013039929166672 0.5703917115000003
0.6666666666666666 -1.9245008972987525 0.1507064423333334 0.150706201875 0.452119086541667
0.6666666666666666 -1.7320508075688772 0.11546738135416675 0.11546716741666675 0.3464019301250005
0.6666666666666666 -1.539600717839002 0.1506904200208334 0.15069023787500008 0.4520710779166671
0.6666666666666666 -1.3471506281091268 0.1901030076666665 0.19010281629166673 0.5703088316249997
0.6666666666666666 -1.1547005383792515 0.2569886037708332 0.25698839724999983 0.7709656047916659
0.6666666666666666 -0.9622504486493763 0.1901306561041666 0.1901303992916667 0.5703917115000001
0.6666666666666666 -0.769800358919501 0.15070644233333352 0.15070620187500008 0.45211908654166705
0.6666666666666666 -0.5773502691896257 0.1154673813541667 0.11546716741666663 0.3464019301249999
0.6666666666666666 -0.3849001794597505 0.15069042002083335 0.1506902378750001 0.45207107791666723
0.6666666666666666 -0.19245008972987526 0.19010300766666655 0.19010281629166678 0.5703088316249996
0.6666666666666666 0.0 0.25698860377083327 0.2569883972499998 0.770965604791666
0.6666666666666666 0.19245008972987526 0.19013065610416666 0.1901303992916668 0.5703917114999999
0.6666666666666666 0.3849001794597505 0.15070644233333352 0.15070620187500017 0.45211908654166694
0.6666666666666666 0.5773502691896257 0.11546738135416665 0.11546716741666672 0.3464019301250001
0.6666666666666666 0.769800358919501 0.15069042002083335 0.15069023787500008 0.4520710779166671
0.6666666666666666 0.9622504486493763 0.19010300766666652 0.19010281629166678 0.5703088316249998
0.6666666666666666 1.1547005383792515 0.2569886037708332 0.2569883972499998 0.7709656047916656
0.6666666666666666 1.3471506281091268 0.19013065610416666 0.19013039929166675 0.5703917114999998
0.6666666666666666 1.539600717839002 0.1507064423333335 0.1507062018750002 0.45211908654166705
0.6666666666666666 1.7320508075688772 0.11546738135416677 0.11546716741666672 0.3464019301250002
0.6666666666666666 1.9245008972987525 0.15069042002083333 0.15069023787500016 0.4520710779166671
0.6666666666666666 2.116950987028628 0.19010300766666652 0.1901028162916668 0.5703088316249998
0.6666666666666666 2.309401076758503 0.2569886037708333 0.25698839724999983 0.7709656047916655
0.8333333333333334 -2.309401076758503 0.2596501832164872 0.25964993153283805 0.778950297965812
0.8333333333333334 -2.116950987028628 0.16791166878377403 0.167911432131536 0.5037347696990848
0.8333333333333334 -1.9245008972987525 0.11502681006805607 0.11502658325635752 0.3450802033924701
0.8333333333333334 -1.7320508075688772 0.06645610857517911 0.06645588980049513 0.1993681069508534
0.8333333333333334 -1.539600717839002 0.11502113038289251 0.11502093270179733 0.34506319346758285
0.8333333333333334 -1.3471506281091268 0.16790536022361066 0.16790513557697584 0.5037158560241974
0.8333333333333334 -1.1547005383792515 0.2596501832164872 0.259649931532838 0.7789502979658119
0.8333333333333334 -0.9622504486493763 0.167911668783774 0.1679114321315361 0.5037347696990847
0.8333333333333334 -0.769800358919501 0.11502681006805615 0.1150265832563576 0.3450802033924699
0.8333333333333334 -0.5773502691896257 0.06645610857517908 0.06645588980049519 0.1993681069508535
0.8333333333333334 -0.3849001794597505 0.11502113038289252 0.11502093270179736 0.345063193467583
0.8333333333333334 -0.19245008972987526 0.16790536022361063 0.1679051355769759 0.5037158560241977
0.8333333333333334 0.0 0.25965018321648725 0.25964993153283816 0.7789502979658114
0.8333333333333334 0.19245008972987526 0.16791166878377403 0.16791143213153611 0.5037347696990846
0.8333333333333334 0.3849001794597505 0.11502681006805605 0.11502658325635758 0.34508020339247
0.8333333333333334 0.5773502691896257 0.06645610857517915 0.06645588980049519 0.1993681069508535
0.8333333333333334 0.769800358919501 0.11502113038289243 0.11502093270179736 0.34506319346758285
0.8333333333333334 0.9622504486493763 0.16790536022361058 0.16790513557697587 0.5037158560241977
0.8333333333333334 1.1547005383792515 0.25965018321648736 0.25964993153283805 0.7789502979658116
0.8333333333333334 1.3471506281091268 0.1679116687837741 0.16791143213153611 0.5037347696990846
0.8333333333333334 1.539600717839002 0.11502681006805598 0.11502658325635744 0.34508020339247
0.8333333333333334 1.7320508075688772 0.06645610857517906 0.06645588980049513 0.19936810695085314
0.8333333333333334 1.9245008972987525 0.11502113038289243 0.1150209327017974 0.34506319346758296
0.8333333333333334 2.116950987028628 0.1679053602236106 0.1679051355769759 0.5037158560241977
0.8333333333333334 2.309401076758503 0.2596501832164874 0.25964993153283805 0.7789502979658114
1.0 -2.309401076758503 0.2711817621666667 0.2711815024166665 0.813545026750001
1.0 -2.116950987028628 0.15701986964583334 0.15701962425000004 0.471059363541667
1.0 -1.9245008972987525 0.09512957547916658 0.09512936791666667 0.28538851887500016
1.0 -1.7320508075688772 0.04076346258333333 0.04076325824999999 0.1222901834166664
1.0 -1.539600717839002 0.09512957547916666 0.0951293679166667 0.28538851887500033
1.0 -1.3471506281091268 0.1570198696458334 0.15701962425000018 0.47105936354166705
1.0 -1.1547005383792515 0.2711817621666667 0.2711815024166665 0.813545026750001
1.0 -0.9622504486493763 0.15701986964583337 0.15701962425000007 0.471059363541667
1.0 -0.769800358919501 0.0951295754791666 0.09512936791666672 0.2853885188750001
1.0 -0.5773502691896257 0.04076346258333333 0.04076325824999999 0.1222901834166664
1.0 -0.3849001794597505 0.09512957547916664 0.09512936791666667 0.28538851887500005
1.0 -0.19245008972987526 0.15701986964583334 0.1570196242500001 0.4710593635416672
1.0 0.0 0.2711817621666667 0.2711815024166665 0.813545026750001
1.0 0.19245008972987526 0.15701986964583334 0.1570196242500001 0.47105936354166716
1.0 0.3849001794597505 0.09512957547916664 0.09512936791666664 0.28538851887500016
1.0 0.5773502691896257 0.04076346258333333 0.04076325824999999 0.1222901834166664
1.0 0.769800358919501 0.0951295754791666 0.09512936791666668 0.28538851887500016
1.0 0.9622504486493763 0.15701986964583337 0.1570196242500001 0.47105936354166705
1.0 1.1547005383792515 0.2711817621666667 0.2711815024166665 0.813545026750001
1.0 1.3471506281091268 0.1570198696458334 0.15701962425000018 0.471059363541667
1.0 1.539600717839002 0.09512957547916666 0.09512936791666667 0.28538851887500033
1.0 1.7320508075688772 0.04076346258333333 0.04076325824999999 0.1222901834166664
1.0 1.9245008972987525 0.0951295754791666 0.09512936791666671 0.28538851887500005
1.0 2.116950987028628 0.1570198696458333 0.15701962425000016 0.4710593635416673
1.0 2.309401076758503 0.2711817621666667 0.2711815024166665 0.813545026750001
1.1666666666666667 -2.309401076758503 0.2596501832164874 0.25964993153283805 0.7789502979658115
1.1666666666666667 -2.116950987028628 0.1679053602236106 0.1679051355769759 0.5037158560241977
1.1666666666666667 -1.9245008972987525 0.11502113038289251 0.11502093270179738 0.34506319346758313
1.1666666666666667 -1.7320508075688772 0.0664561085751791 0.06645588980049516 0.1993681069508533
1.1666666666666667 -1.539600717839002 0.11502681006805604 0.11502658325635746 0.34508020339247
1.1666666666666667 -1.3471506281091268 0.16791166878377412 0.16791143213153614 0.5037347696990848
1.1666666666666667 -1.1547005383792515 0.2596501832164873 0.2596499315328381 0.7789502979658117
1.1666666666666667 -0.9622504486493763 0.1679053602236107 0.16790513557697598 0.5037158560241979
1.1666666666666667 -0.769800358919501 0.11502113038289245 0.11502093270179733 0.34506319346758296
1.1666666666666667 -0.5773502691896257 0.06645610857517917 0.0664558898004952 0.19936810695085355
1.1666666666666667 -0.3849001794597505 0.11502681006805608 0.1150265832563576 0.34508020339247003
1.1666666666666667 -0.19245008972987526 0.1679116687837741 0.16791143213153614 0.5037347696990846
1.1666666666666667 0.0 0.25965018321648725 0.2596499315328381 0.7789502979658115
1.1666666666666667 0.19245008972987526 0.16790536022361066 0.1679051355769759 0.5037158560241977
1.1666666666666667 0.3849001794597505 0.11502113038289243 0.1150209327017974 0.3450631934675831
1.1666666666666667 0.5773502691896257 0.06645610857517911 0.0664558898004952 0.1993681069508536
1.1666666666666667 0.769800358919501 0.1150268100680562 0.11502658325635758 0.34508020339247
1.1666666666666667 0.9622504486493763 0.1679116687837741 0.16791143213153614 0.5037347696990848
1.1666666666666667 1.1547005383792515 0.25965018321648725 0.259649931532838 0.778950297965812
1.1666666666666667 1.3471506281091268 0.1679053602236107 0.16790513557697584 0.5037158560241977
1.1666666666666667 1.539600717839002 0.11502113038289254 0.11502093270179733 0.3450631934675829
1.1666666666666667 1.7320508075688772 0.06645610857517911 0.0664558898004951 0.19936810695085344
1.1666666666666667 1.9245008972987525 0.11502681006805614 0.11502658325635758 0.3450802033924701
1.1666666666666667 2.116950987028628 0.16791166878377403 0.16791143213153603 0.5037347696990848
1.1666666666666667 2.309401076758503 0.25965018321648725 0.25964993153283805 0.7789502979658118
1.3333333333333333 -2.309401076758503 0.2569886037708334 0.25698839724999983 0.7709656047916658
1.3333333333333333 -2.116950987028628 0.1901030076666664 0.19010281629166678 0.5703088316249996
1.3333333333333333 -1.9245008972987525 0.15069042002083327 0.15069023787500005 0.4520710779166673
1.3333333333333333 -1.7320508075688772 0.11546738135416675 0.11546716741666675 0.3464019301250002
1.3333333333333333 -1.539600717839002 0.15070644233333347 0.15070620187500008 0.45211908654166694
1.3333333333333333 -1.3471506281091268 0.1901306561041667 0.1901303992916668 0.5703917115000005
1.3333333333333333 -1.1547005383792515 0.2569886037708333 0.25698839724999983 0.7709656047916659
1.3333333333333333 -0.9622504486493763 0.19010300766666655 0.19010281629166678 0.5703088316249995
1.3333333333333333 -0.769800358919501 0.1506904200208333 0.15069023787500008 0.4520710779166671
1.3333333333333333 -0.5773502691896257 0.11546738135416659 0.11546716741666667 0.3464019301249998
1.3333333333333333 -0.3849001794597505 0.15070644233333347 0.1507062018750001 0.452119086541667
1.3333333333333333 -0.19245008972987526 0.19013065610416666 0.19013039929166675 0.5703917114999998
1.3333333333333333 0.0 0.25698860377083327 0.25698839724999983 0.7709656047916662
1.3333333333333333 0.19245008972987526 0.19010300766666655 0.19010281629166675 0.5703088316249995
1.3333333333333333 0.3849001794597505 0.1506904200208333 0.15069023787500008 0.45207107791666706
1.3333333333333333 0.5773502691896257 0.11546738135416666 0.11546716741666661 0.3464019301249999
1.3333333333333333 0.769800358919501 0.15070644233333347 0.15070620187500003 0.4521190865416669
1.3333333333333333 0.9622504486493763 0.19013065610416655 0.1901303992916667 0.5703917115000002
1.3333333333333333 1.1547005383792515 0.2569886037708332 0.25698839724999994 0.7709656047916661
1.3333333333333333 1.3471506281091268 0.19010300766666655 0.19010281629166673 0.5703088316249997
1.3333333333333333 1.539600717839002 0.15069042002083335 0.15069023787500008 0.4520710779166671
1.3333333333333333 1.7320508075688772 0.11546738135416673 0.11546716741666672 0.3464019301250002
1.3333333333333333 1.9245008972987525 0.1507064423333334 0.15070620187500003 0.45211908654166705
1.3333333333333333 2.116950987028628 0.1901306561041666 0.1901303992916667 0.5703917115000002
1.3333333333333333 2.309401076758503 0.25698860377083327 0.2569883972499999 0.7709656047916659
1.5 -2.309401076758503 0.18552351320833332 0.1855233086666668 0.5565703350833335
1.5 -2.116950987028628 0.1763403610121962 0.17634019434151388 0.5290209163659063
1.5 -1.9245008972987525 0.1763403610121961 0.17634019434151388 0.5290209163659065
1.5 -1.7320508075688772 0.1855235132083332 0.1855233086666667 0.5565703350833336
1.5 -1.539600717839002 0.17638923327947023 0.17638899949181927 0.5291674660507606
1.5 -1.3471506281091268 0.17638923327947037 0.17638899949181927 0.5291674660507605
1.5 -1.1547005383792515 0.18552351320833324 0.1855233086666667 0.5565703350833338
1.5 -0.9622504486493763 0.17634036101219622 0.17634019434151393 0.5290209163659063
1.5 -0.769800358919501 0.17634036101219613 0.17634019434151388 0.5290209163659063
1.5 -0.5773502691896257 0.18552351320833319 0.18552330866666666 0.5565703350833334
1.5 -0.3849001794597505 0.1763892332794702 0.17638899949181933 0.5291674660507606
1.5 -0.19245008972987526 0.1763892332794703 0.1763889994918193 0.5291674660507606
1.5 0.0 0.18552351320833316 0.18552330866666664 0.5565703350833334
1.5 0.19245008972987526 0.17634036101219616 0.1763401943415139 0.5290209163659064
1.5 0.3849001794597505 0.17634036101219616 0.17634019434151388 0.5290209163659062
1.5 0.5773502691896257 0.18552351320833316 0.18552330866666664 0.5565703350833334
1.5 0.769800358919501 0.17638923327947037 0.1763889994918193 0.5291674660507606
1.5 0.9622504486493763 0.17638923327947026 0.17638899949181935 0.5291674660507607
1.5 1.1547005383792515 0.18552351320833324 0.18552330866666672 0.5565703350833338
1.5 1.3471506281091268 0.1763403610121961 0.1763401943415139 0.5290209163659065
1.5 1.539600717839002 0.17634036101219616 0.1763401943415139 0.5290209163659062
1.5 1.7320508075688772 0.1855235132083332 0.1855233086666667 0.5565703350833336
1.5 1.9245008972987525 0.1763892332794704 0.1763889994918193 0.5291674660507606
1.5 2.116950987028628 0.1763892332794702 0.1763889994918193 0.5291674660507605
1.5 2.309401076758503 0.1855235132083333 0.18552330866666678 0.5565703350833335
1.6666666666666667 -2.309401076758503 0.1154673813541666 0.11546716741666664 0.3464019301250001
1.6666666666666667 -2.116950987028628 0.1506904200208333 0.15069023787500002 0.45207107791666706
1.6666666666666667 -1.9245008972987525 0.19010300766666666 0.19010281629166678 0.5703088316249998
1.6666666666666667 -1.7320508075688772 0.2569886037708331 0.2569883972499997 0.7709656047916655
1.6666666666666667 -1.539600717839002 0.19013065610416655 0.19013039929166672 0.5703917115
1.6666666666666667 -1.3471506281091268 0.1507064423333334 0.15070620187499995 0.4521190865416671
1.6666666666666667 -1.1547005383792515 0.11546738135416662 0.11546716741666657 0.346401930125
1.6666666666666667 -0.9622504486493763 0.15069042002083335 0.15069023787500005 0.4520710779166672
1.6666666666666667 -0.769800358919501 0.1901030076666665 0.19010281629166673 0.5703088316249992
1.6666666666666667 -0.5773502691896257 0.2569886037708333 0.2569883972499999 0.770965604791666
1.6666666666666667 -0.3849001794597505 0.19013065610416666 0.19013039929166672 0.5703917114999998
1.6666666666666667 -0.19245008972987526 0.15070644233333352 0.15070620187500008 0.45211908654166705
1.6666666666666667 0.0 0.11546738135416665 0.11546716741666664 0.346401930125
1.6666666666666667 0.19245008972987526 0.1506904200208333 0.1506902378750001 0.45207107791666723
1.6666666666666667 0.3849001794597505 0.19010300766666655 0.19010281629166675 0.5703088316249996
1.6666666666666667 0.5773502691896257 0.25698860377083327 0.25698839724999994 0.7709656047916658
1.6666666666666667 0.769800358919501 0.19013065610416657 0.19013039929166675 0.5703917114999997
1.6666666666666667 0.9622504486493763 0.15070644233333344 0.15070620187500017 0.4521190865416669
1.6666666666666667 1.1547005383792515 0.1154673813541667 0.11546716741666668 0.34640193012499987
1.6666666666666667 1.3471506281091268 0.15069042002083338 0.1506902378750001 0.45207107791666723
1.6666666666666667 1.539600717839002 0.19010300766666646 0.19010281629166675 0.5703088316249995
1.6666666666666667 1.7320508075688772 0.2569886037708332 0.2569883972499997 0.7709656047916655
1.6666666666666667 1.9245008972987525 0.19013065610416663 0.1901303992916668 0.5703917115000006
1.6666666666666667 2.116950987028628 0.1507064423333335 0.15070620187500017 0.4521190865416668
1.6666666666666667 2.309401076758503 0.11546738135416676 0.11546716741666672 0.3464019301250001
1.8333333333333333 -2.309401076758503 0.06645610857517915 0.0664558898004952 0.19936810695085347
1.8333333333333333 -2.116950987028628 0.11502113038289263 0.11502093270179743 0.34506319346758313
1.8333333333333333 -1.9245008972987525 0.16790536022361063 0.1679051355769758 0.5037158560241974
1.8333333333333333 -1.7320508075688772 0.25965018321648725 0.259649931532838 0.7789502979658118
1.8333333333333333 -1.539600717839002 0.16791166878377412 0.16791143213153611 0.503734769699085
1.8333333333333333 -1.3471506281091268 0.1150268100680561 0.11502658325635756 0.34508020339247003
1.8333333333333333 -1.1547005383792515 0.06645610857517915 0.06645588980049522 0.19936810695085364
1.8333333333333333 -0.9622504486493763 0.11502113038289259 0.11502093270179739 0.34506319346758324
1.8333333333333333 -0.769800358919501 0.16790536022361074 0.16790513557697595 0.5037158560241978
1.8333333333333333 -0.5773502691896257 0.25965018321648725 0.259649931532838 0.7789502979658118
1.8333333333333333 -0.3849001794597505 0.1679116687837741 0.1679114321315361 0.5037347696990847
1.8333333333333333 -0.19245008972987526 0.11502681006805611 0.11502658325635759 0.34508020339247
1.8333333333333333 0.0 0.06645610857517915 0.06645588980049524 0.1993681069508536
1.8333333333333333 0.19245008972987526 0.11502113038289244 0.11502093270179736 0.34506319346758296
1.8333333333333333 0.3849001794597505 0.1679053602236107 0.16790513557697595 0.5037158560241979
1.8333333333333333 0.5773502691896257 0.25965018321648725 0.25964993153283805 0.7789502979658115
1.8333333333333333 0.769800358919501 0.16791166878377414 0.16791143213153614 0.5037347696990848
1.8333333333333333 0.9622504486493763 0.11502681006805615 0.1150265832563576 0.3450802033924703
1.8333333333333333 1.1547005383792515 0.06645610857517913 0.06645588980049519 0.1993681069508535
1.8333333333333333 1.3471506281091268 0.11502113038289245 0.11502093270179732 0.34506319346758296
1.8333333333333333 1.539600717839002 0.1679053602236107 0.16790513557697598 0.503715856024198
1.8333333333333333 1.7320508075688772 0.2596501832164874 0.259649931532838 0.7789502979658115
1.8333333333333333 1.9245008972987525 0.16791166878377414 0.16791143213153603 0.5037347696990846
1.8333333333333333 2.116950987028628 0.11502681006805605 0.11502658325635755 0.34508020339247025
1.8333333333333333 2.309401076758503 0.06645610857517914 0.06645588980049523 0.19936810695085352
2.0 -2.309401076758503 0.04076346258333333 0.04076325824999999 0.1222901834166664
2.0 -2.116950987028628 0.09512957547916666 0.09512936791666671 0.28538851887500055
2.0 -1.9245008972987525 0.1570198696458333 0.15701962425000004 0.4710593635416669
2.0 -1.7320508075688772 0.2711817621666667 0.2711815024166665 0.813545026750001
2.0 -1.539600717839002 0.15701986964583334 0.15701962425000002 0.47105936354166705
2.0 -1.3471506281091268 0.0951295754791665 0.09512936791666657 0.28538851887499994
2.0 -1.1547005383792515 0.04076346258333333 0.04076325824999999 0.1222901834166664
2.0 -0.9622504486493763 0.0951295754791666 0.09512936791666667 0.2853885188750004
2.0 -0.769800358919501 0.15701986964583337 0.15701962425000007 0.4710593635416669
2.0 -0.5773502691896257 0.2711817621666667 0.2711815024166665 0.813545026750001
2.0 -0.3849001794597505 0.1570198696458333 0.15701962425000007 0.471059363541667
2.0 -0.19245008972987526 0.09512957547916663 0.09512936791666671 0.28538851887500005
2.0 0.0 0.04076346258333333 0.04076325824999999 0.1222901834166664
2.0 0.19245008972987526 0.0951295754791666 0.09512936791666668 0.28538851887500005
2.0 0.3849001794597505 0.1570198696458333 0.15701962425000007 0.4710593635416671
2.0 0.5773502691896257 0.2711817621666667 0.2711815024166665 0.813545026750001
2.0 0.769800358919501 0.15701986964583337 0.15701962425000016 0.47105936354166683
2.0 0.9622504486493763 0.09512957547916664 0.09512936791666668 0.2853885188750003
2.0 1.1547005383792515 0.04076346258333333 0.04076325824999999 0.1222901834166664
2.0 1.3471506281091268 0.09512957547916655 0.09512936791666662 0.28538851887499983
2.0 1.539600717839002 0.1570198696458333 0.15701962425000013 0.47105936354166716
2.0 1.7320508075688772 0.2711817621666667 0.2711815024166665 0.813545026750001
2.0 1.9245008972987525 0.15701986964583337 0.15701962425000016 0.4710593635416669
2.0 2.116950987028628 0.09512957547916669 0.09512936791666673 0.2853885188750005
2.0 2.309401076758503 0.04076346258333333 0.04076325824999999 0.1222901834166664
