24 9 1.098528313015551
-2.0 -2.309401076758503 0.05037485030000002 0.046840353307499985 0.1475900539075
-2.0 -2.116950987028628 0.10102738334791675 0.10615472801291669 0.3082094947087499
-2.0 -1.9245008972987525 0.17536568331875022 0.18112402359624996 0.5318553902337502
-2.0 -1.7320508075688772 0.3028849613666667 0.3060480684741664 0.9118179912074995
-2.0 -1.539600717839002 0.17536568331875002 0.18112402359624985 0.5318553902337508
-2.0 -1.3471506281091268 0.10102738334791664 0.10615472801291652 0.3082094947087498
-2.0 -1.1547005383792515 0.05037485030000002 0.046840353307499985 0.1475900539075
-2.0 -0.9622504486493763 0.10102738334791662 0.1061547280129167 0.3082094947087499
-2.0 -0.769800358919501 0.1753656833187501 0.18112402359625007 0.5318553902337504
-2.0 -0.5773502691896257 0.3028849613666667 0.3060480684741664 0.9118179912074995
-2.0 -0.3849001794597505 0.1753656833187502 0.18112402359624996 0.5318553902337504
-2.0 -0.19245008972987526 0.10102738334791671 0.10615472801291666 0.30820949470875003
-2.0 0.0 0.05037485030000002 0.046840353307499985 0.1475900539075
-2.0 0.19245008972987526 0.10102738334791675 0.10615472801291666 0.3082094947087498
-2.0 0.3849001794597505 0.1753656833187501 0.18112402359625002 0.5318553902337504
-2.0 0.5773502691896257 0.3028849613666667 0.3060480684741664 0.9118179912074995
-2.0 0.769800358919501 0.17536568331875024 0.18112402359625002 0.5318553902337503
-2.0 0.9622504486493763 0.10102738334791676 0.1061547280129167 0.3082094947087498
-2.0 1.1547005383792515 0.05037485030000002 0.046840353307499985 0.1475900539075
-2.0 1.3471506281091268 0.10102738334791667 0.10615472801291652 0.3082094947087498
-2.0 1.539600717839002 0.17536568331875013 0.1811240235962499 0.5318553902337508
-2.0 1.7320508075688772 0.3028849613666667 0.3060480684741664 0.9118179912074995
-2.0 1.9245008972987525 0.1753656833187502 0.18112402359625007 0.5318553902337503
-2.0 2.116950987028628 0.10102738334791678 0.1061547280129167 0.3082094947087499
-2.0 2.309401076758503 0.05037485030000002 0.046840353307499985 0.1475900539075
-1.8333333333333333 -2.309401076758503 0.06990333544192331 0.07088602534143501 0.2106926962252816
-1.8333333333333333 -2.116950987028628 0.11996190366306123 0.12565239095416825 0.36557619828029086
-1.8333333333333333 -1.9245008972987525 0.1872326047712282 0.19531439141717472 0.5697796009596318
-1.8333333333333333 -1.7320508075688772 0.3847610658080771 0.32900618139939836 1.0985283130155503
-1.8333333333333333 -1.539600717839002 0.1872103750869389 0.19528644338666526 0.5697071935605437
-1.8333333333333333 -1.3471506281091268 0.11994238522877147 0.12562836750115852 0.3655131379587012
-1.8333333333333333 -1.1547005383792515 0.06990333544192333 0.07088602534143508 0.21069269622528164
-1.8333333333333333 -0.9622504486493763 0.11996190366306124 0.12565239095416822 0.3655761982802911
-1.8333333333333333 -0.769800358919501 0.18723260477122847 0.1953143914171748 0.5697796009596323
-1.8333333333333333 -0.5773502691896257 0.38476106580807706 0.3290061813993983 1.098528313015551
-1.8333333333333333 -0.3849001794597505 0.18721037508693888 0.19528644338666531 0.5697071935605432
-1.8333333333333333 -0.19245008972987526 0.1199423852287715 0.12562836750115852 0.36551313795870133
-1.8333333333333333 0.0 0.06990333544192333 0.07088602534143516 0.21069269622528167
-1.8333333333333333 0.19245008972987526 0.1199619036630611 0.12565239095416822 0.365576198280291
-1.8333333333333333 0.3849001794597505 0.18723260477122838 0.19531439141717483 0.5697796009596323
-1.8333333333333333 0.5773502691896257 0.384761065808077 0.32900618139939836 1.0985283130155505
-1.8333333333333333 0.769800358919501 0.18721037508693888 0.1952864433866653 0.569707193560543
-1.8333333333333333 0.9622504486493763 0.1199423852287716 0.12562836750115858 0.3655131379587018
-1.8333333333333333 1.1547005383792515 0.06990333544192337 0.07088602534143508 0.21069269622528156
-1.8333333333333333 1.3471506281091268 0.11996190366306105 0.1256523909541682 0.36557619828029075
-1.8333333333333333 1.539600717839002 0.18723260477122838 0.19531439141717477 0.5697796009596324
-1.8333333333333333 1.7320508075688772 0.384761065808077 0.32900618139939836 1.0985283130155508
-1.8333333333333333 1.9245008972987525 0.18721037508693872 0.1952864433866651 0.5697071935605428
-1.8333333333333333 2.116950987028628 0.11994238522877156 0.12562836750115855 0.36551313795870166
-1.8333333333333333 2.309401076758503 0.06990333544192322 0.07088602534143505 0.21069269622528156
-1.6666666666666667 -2.309401076758503 0.12515325756666656 0.12397202076291668 0.3742785358962498
-1.6666666666666667 -2.116950987028628 0.1532703298125 0.16014136668250004 0.4666820263075
-1.6666666666666667 -1.9245008972987525 0.1961473512979166 0.20507445638791671 0.5973691589837498
-1.6666666666666667 -1.7320508075688772 0.33872018534999926 0.3080854758462499 0.985525846546249
-1.6666666666666667 -1.539600717839002 0.19608111435416678 0.20500688684916676 0.5971691155574996
-1.6666666666666667 -1.3471506281091268 0.1532301591187501 0.16010405847125003 0.4665643767087505
-1.6666666666666667 -1.1547005383792515 0.12515325756666662 0.12397202076291669 0.3742785358962497
-1.6666666666666667 -0.9622504486493763 0.15327032981249997 0.16014136668250015 0.46668202630750033
-1.6666666666666667 -0.769800358919501 0.1961473512979166 0.20507445638791666 0.5973691589837494
-1.6666666666666667 -0.5773502691896257 0.33872018534999937 0.30808547584625 0.9855258465462489
-1.6666666666666667 -0.3849001794597505 0.19608111435416656 0.20500688684916682 0.5971691155574995
-1.6666666666666667 -0.19245008972987526 0.15323015911875001 0.1601040584712501 0.4665643767087507
-1.6666666666666667 0.0 0.1251532575666666 0.12397202076291663 0.3742785358962497
-1.6666666666666667 0.19245008972987526 0.1532703298124999 0.1601413666825001 0.46668202630750033
-1.6666666666666667 0.3849001794597505 0.1961473512979165 0.20507445638791671 0.5973691589837498
-1.6666666666666667 0.5773502691896257 0.3387201853499993 0.30808547584625007 0.985525846546249
-1.6666666666666667 0.769800358919501 0.19608111435416659 0.2050068868491667 0.5971691155574994
-1.6666666666666667 0.9622504486493763 0.15323015911875001 0.16010405847125 0.4665643767087507
-1.6666666666666667 1.1547005383792515 0.12515325756666665 0.1239720207629166 0.3742785358962494
-1.6666666666666667 1.3471506281091268 0.15327032981250002 0.16014136668250006 0.4666820263075001
-1.6666666666666667 1.539600717839002 0.19614735129791644 0.20507445638791652 0.5973691589837498
-1.6666666666666667 1.7320508075688772 0.3387201853499993 0.30808547584624996 0.9855258465462491
-1.6666666666666667 1.9245008972987525 0.19608111435416672 0.20500688684916685 0.5971691155575
-1.6666666666666667 2.116950987028628 0.15323015911875004 0.16010405847124992 0.46656437670875006
-1.6666666666666667 2.309401076758503 0.12515325756666662 0.1239720207629166 0.3742785358962496
-1.5 -2.309401076758503 0.19243916249999993 0.1956093307591667 0.5804876557591676
-1.5 -2.116950987028628 0.17966082766882577 0.18645201205754353 0.5457736673951962
-1.5 -1.9245008972987525 0.17966082766882596 0.18645201205754375 0.545773667395196
-1.5 -1.7320508075688772 0.19243916249999984 0.19560933075916673 0.580487655759167
-1.5 -1.539600717839002 0.1795705323311738 0.18636387968328968 0.545504944345637
-1.5 -1.3471506281091268 0.17957053233117393 0.18636387968328982 0.5455049443456372
-1.5 -1.1547005383792515 0.19243916249999993 0.1956093307591667 0.5804876557591674
-1.5 -0.9622504486493763 0.1796608276688259 0.18645201205754353 0.5457736673951965
-1.5 -0.769800358919501 0.17966082766882593 0.18645201205754366 0.5457736673951961
-1.5 -0.5773502691896257 0.19243916249999976 0.19560933075916662 0.580487655759167
-1.5 -0.3849001794597505 0.17957053233117382 0.18636387968328982 0.5455049443456372
-1.5 -0.19245008972987526 0.179570532331174 0.1863638796832898 0.5455049443456376
-1.5 0.0 0.19243916249999973 0.19560933075916662 0.580487655759167
-1.5 0.19245008972987526 0.17966082766882593 0.18645201205754366 0.5457736673951963
-1.5 0.3849001794597505 0.17966082766882588 0.18645201205754353 0.5457736673951961
-1.5 0.5773502691896257 0.1924391624999998 0.19560933075916662 0.580487655759167
-1.5 0.769800358919501 0.17957053233117398 0.18636387968328974 0.5455049443456372
-1.5 0.9622504486493763 0.17957053233117398 0.18636387968328988 0.5455049443456373
-1.5 1.1547005383792515 0.19243916249999987 0.19560933075916673 0.5804876557591673
-1.5 1.3471506281091268 0.17966082766882593 0.1864520120575437 0.5457736673951961
-1.5 1.539600717839002 0.17966082766882568 0.18645201205754353 0.5457736673951962
-1.5 1.7320508075688772 0.1924391624999999 0.1956093307591667 0.5804876557591672
-1.5 1.9245008972987525 0.17957053233117398 0.18636387968328977 0.5455049443456373
-1.5 2.116950987028628 0.1795705323311739 0.18636387968328968 0.5455049443456372
-1.5 2.309401076758503 0.1924391624999998 0.19560933075916662 0.5804876557591673
-1.3333333333333333 -2.309401076758503 0.3387201853499996 0.30808547584625007 0.9855258465462496
-1.3333333333333333 -2.116950987028628 0.1961473512979165 0.20507445638791663 0.5973691589837501
-1.3333333333333333 -1.9245008972987525 0.15327032981249994 0.1601413666825 0.4666820263074999
-1.3333333333333333 -1.7320508075688772 0.12515325756666673 0.12397202076291666 0.3742785358962498
-1.3333333333333333 -1.539600717839002 0.15323015911875001 0.16010405847124987 0.4665643767087505
-1.3333333333333333 -1.3471506281091268 0.19608111435416664 0.20500688684916687 0.5971691155574999
-1.3333333333333333 -1.1547005383792515 0.3387201853499995 0.30808547584625 0.9855258465462493
-1.3333333333333333 -0.9622504486493763 0.19614735129791647 0.20507445638791671 0.5973691589837499
-1.3333333333333333 -0.769800358919501 0.15327032981250002 0.16014136668250004 0.4666820263075001
-1.3333333333333333 -0.5773502691896257 0.1251532575666665 0.12397202076291652 0.37427853589624926
-1.3333333333333333 -0.3849001794597505 0.15323015911875007 0.16010405847125003 0.4665643767087505
-1.3333333333333333 -0.19245008972987526 0.19608111435416667 0.20500688684916676 0.5971691155574999
-1.3333333333333333 0.0 0.3387201853499994 0.3080854758462501 0.9855258465462492
-1.3333333333333333 0.19245008972987526 0.19614735129791658 0.20507445638791666 0.5973691589837498
-1.3333333333333333 0.3849001794597505 0.15327032981249994 0.16014136668250006 0.4666820263075
-1.3333333333333333 0.5773502691896257 0.1251532575666666 0.12397202076291668 0.3742785358962496
-1.3333333333333333 0.769800358919501 0.1532301591187501 0.16010405847125006 0.4665643767087505
-1.3333333333333333 0.9622504486493763 0.1960811143541667 0.2050068868491668 0.5971691155574997
-1.3333333333333333 1.1547005383792515 0.3387201853499995 0.30808547584625 0.9855258465462496
-1.3333333333333333 1.3471506281091268 0.19614735129791658 0.20507445638791663 0.5973691589837499
-1.3333333333333333 1.539600717839002 0.15327032981250002 0.1601413666825 0.4666820263075001
-1.3333333333333333 1.7320508075688772 0.12515325756666662 0.12397202076291672 0.37427853589625004
-1.3333333333333333 1.9245008972987525 0.1532301591187501 0.16010405847124998 0.46656437670874995
-1.3333333333333333 2.116950987028628 0.19608111435416678 0.20500688684916676 0.5971691155575
-1.3333333333333333 2.309401076758503 0.33872018534999954 0.30808547584625007 0.9855258465462498
-1.1666666666666667 -2.309401076758503 0.384761065808077 0.32900618139939836 1.0985283130155503
-1.1666666666666667 -2.116950987028628 0.1872326047712283 0.19531439141717472 0.5697796009596318
-1.1666666666666667 -1.9245008972987525 0.11996190366306106 0.12565239095416827 0.36557619828029086
-1.1666666666666667 -1.7320508075688772 0.06990333544192326 0.07088602534143501 0.2106926962252813
-1.1666666666666667 -1.539600717839002 0.1199423852287714 0.1256283675011584 0.3655131379587012
-1.1666666666666667 -1.3471506281091268 0.1872103750869388 0.19528644338666523 0.5697071935605428
-1.1666666666666667 -1.1547005383792515 0.38476106580807706 0.3290061813993984 1.0985283130155505
-1.1666666666666667 -0.9622504486493763 0.18723260477122838 0.19531439141717485 0.5697796009596322
-1.1666666666666667 -0.769800358919501 0.11996190366306113 0.12565239095416827 0.36557619828029086
-1.1666666666666667 -0.5773502691896257 0.06990333544192324 0.07088602534143508 0.21069269622528147
-1.1666666666666667 -0.3849001794597505 0.11994238522877154 0.12562836750115852 0.36551313795870133
-1.1666666666666667 -0.19245008972987526 0.1872103750869388 0.1952864433866653 0.5697071935605429
-1.1666666666666667 0.0 0.3847610658080769 0.3290061813993983 1.0985283130155505
-1.1666666666666667 0.19245008972987526 0.1872326047712284 0.1953143914171748 0.5697796009596322
-1.1666666666666667 0.3849001794597505 0.11996190366306111 0.1256523909541682 0.36557619828029075
-1.1666666666666667 0.5773502691896257 0.06990333544192331 0.07088602534143508 0.21069269622528158
-1.1666666666666667 0.769800358919501 0.1199423852287715 0.12562836750115858 0.3655131379587012
-1.1666666666666667 0.9622504486493763 0.18721037508693883 0.19528644338666526 0.5697071935605434
-1.1666666666666667 1.1547005383792515 0.38476106580807695 0.32900618139939836 1.0985283130155508
-1.1666666666666667 1.3471506281091268 0.18723260477122855 0.1953143914171748 0.5697796009596322
-1.1666666666666667 1.539600717839002 0.11996190366306107 0.1256523909541681 0.36557619828029053
-1.1666666666666667 1.7320508075688772 0.06990333544192326 0.070886025341435 0.21069269622528133
-1.1666666666666667 1.9245008972987525 0.11994238522877149 0.12562836750115863 0.3655131379587012
-1.1666666666666667 2.116950987028628 0.18721037508693888 0.19528644338666515 0.5697071935605431
-1.1666666666666667 2.309401076758503 0.3847610658080769 0.32900618139939825 1.0985283130155505
-1.0 -2.309401076758503 0.3028849613666667 0.3060480684741664 0.9118179912074995
-1.0 -2.116950987028628 0.17536568331875002 0.18112402359624988 0.5318553902337507
-1.0 -1.9245008972987525 0.10102738334791674 0.10615472801291657 0.30820949470875003
-1.0 -1.7320508075688772 0.05037485030000002 0.046840353307499985 0.1475900539075
-1.0 -1.539600717839002 0.10102738334791668 0.10615472801291671 0.3082094947087497
-1.0 -1.3471506281091268 0.17536568331875022 0.18112402359625007 0.5318553902337506
-1.0 -1.1547005383792515 0.3028849613666667 0.3060480684741664 0.9118179912074995
-1.0 -0.9622504486493763 0.1753656833187502 0.18112402359624996 0.5318553902337507
-1.0 -0.769800358919501 0.10102738334791672 0.1061547280129166 0.3082094947087499
-1.0 -0.5773502691896257 0.05037485030000002 0.046840353307499985 0.1475900539075
-1.0 -0.3849001794597505 0.10102738334791675 0.10615472801291666 0.3082094947087498
-1.0 -0.19245008972987526 0.17536568331875022 0.18112402359625007 0.5318553902337505
-1.0 0.0 0.3028849613666667 0.3060480684741664 0.9118179912074995
-1.0 0.19245008972987526 0.17536568331875024 0.18112402359625002 0.5318553902337504
-1.0 0.3849001794597505 0.10102738334791678 0.10615472801291666 0.3082094947087498
-1.0 0.5773502691896257 0.05037485030000002 0.046840353307499985 0.1475900539075
-1.0 0.769800358919501 0.10102738334791676 0.10615472801291666 0.30820949470875014
-1.0 0.9622504486493763 0.17536568331875016 0.18112402359624996 0.5318553902337508
-1.0 1.1547005383792515 0.3028849613666667 0.3060480684741664 0.9118179912074995
-1.0 1.3471506281091268 0.17536568331875027 0.18112402359625016 0.5318553902337506
-1.0 1.539600717839002 0.10102738334791678 0.1061547280129167 0.3082094947087497
-1.0 1.7320508075688772 0.05037485030000002 0.046840353307499985 0.1475900539075
-1.0 1.9245008972987525 0.10102738334791667 0.10615472801291655 0.3082094947087499
-1.0 2.116950987028628 0.1753656833187502 0.18112402359624996 0.5318553902337507
-1.0 2.309401076758503 0.3028849613666667 0.3060480684741664 0.9118179912074995
-0.8333333333333334 -2.309401076758503 0.38476106580807695 0.32900618139939825 1.0985283130155503
-0.8333333333333334 -2.116950987028628 0.18721037508693866 0.19528644338666515 0.5697071935605431
-0.8333333333333334 -1.9245008972987525 0.11994238522877142 0.12562836750115855 0.3655131379587012
-0.8333333333333334 -1.7320508075688772 0.06990333544192324 0.07088602534143497 0.21069269622528128
-0.8333333333333334 -1.539600717839002 0.11996190366306109 0.1256523909541681 0.3655761982802902
-0.8333333333333334 -1.3471506281091268 0.18723260477122844 0.1953143914171748 0.5697796009596323
-0.8333333333333334 -1.1547005383792515 0.38476106580807695 0.32900618139939836 1.0985283130155505
-0.8333333333333334 -0.9622504486493763 0.1872103750869388 0.19528644338666526 0.5697071935605431
-0.8333333333333334 -0.769800358919501 0.1199423852287715 0.12562836750115855 0.3655131379587011
-0.8333333333333334 -0.5773502691896257 0.0699033354419233 0.0708860253414351 0.2106926962252814
-0.8333333333333334 -0.3849001794597505 0.11996190366306116 0.12565239095416822 0.36557619828029064
-0.8333333333333334 -0.19245008972987526 0.18723260477122833 0.1953143914171748 0.5697796009596321
-0.8333333333333334 0.0 0.3847610658080769 0.32900618139939825 1.0985283130155505
-0.8333333333333334 0.19245008972987526 0.18721037508693888 0.19528644338666526 0.5697071935605429
-0.8333333333333334 0.3849001794597505 0.11994238522877151 0.12562836750115855 0.3655131379587012
-0.8333333333333334 0.5773502691896257 0.06990333544192324 0.07088602534143507 0.2106926962252814
-0.8333333333333334 0.769800358919501 0.1199619036630611 0.12565239095416825 0.36557619828029075
-0.8333333333333334 0.9622504486493763 0.18723260477122844 0.19531439141717474 0.569779600959632
-0.8333333333333334 1.1547005383792515 0.3847610658080769 0.32900618139939836 1.0985283130155505
-0.8333333333333334 1.3471506281091268 0.18721037508693877 0.19528644338666515 0.569707193560543
-0.8333333333333334 1.539600717839002 0.11994238522877142 0.1256283675011584 0.3655131379587012
-0.8333333333333334 1.7320508075688772 0.06990333544192323 0.07088602534143504 0.2106926962252811
-0.8333333333333334 1.9245008972987525 0.11996190366306103 0.12565239095416822 0.36557619828029086
-0.8333333333333334 2.116950987028628 0.18723260477122822 0.19531439141717474 0.5697796009596319
-0.8333333333333334 2.309401076758503 0.3847610658080769 0.3290061813993983 1.0985283130155503
-0.6666666666666666 -2.309401076758503 0.33872018534999926 0.3080854758462501 0.9855258465462489
-0.6666666666666666 -2.116950987028628 0.19608111435416678 0.20500688684916676 0.5971691155574996
-0.6666666666666666 -1.9245008972987525 0.15323015911875004 0.16010405847125 0.4665643767087503
-0.6666666666666666 -1.7320508075688772 0.1251532575666667 0.12397202076291675 0.37427853589625026
-0.6666666666666666 -1.539600717839002 0.15327032981249994 0.16014136668250006 0.4666820263075002
-0.6666666666666666 -1.3471506281091268 0.19614735129791658 0.2050744563879167 0.5973691589837492
-0.6666666666666666 -1.1547005383792515 0.33872018534999937 0.30808547584624996 0.9855258465462489
-0.6666666666666666 -0.9622504486493763 0.19608111435416664 0.2050068868491667 0.5971691155574996
-0.6666666666666666 -0.769800358919501 0.15323015911875015 0.16010405847125006 0.4665643767087506
-0.6666666666666666 -0.5773502691896257 0.12515325756666665 0.12397202076291676 0.3742785358962498
-0.6666666666666666 -0.3849001794597505 0.15327032981249994 0.16014136668250006 0.46668202630750033
-0.6666666666666666 -0.19245008972987526 0.19614735129791652 0.2050744563879166 0.5973691589837496
-0.6666666666666666 0.0 0.3387201853499993 0.30808547584624985 0.9855258465462486
-0.6666666666666666 0.19245008972987526 0.19608111435416664 0.20500688684916676 0.5971691155574997
-0.6666666666666666 0.3849001794597505 0.15323015911875013 0.16010405847125 0.4665643767087507
-0.6666666666666666 0.5773502691896257 0.12515325756666656 0.12397202076291668 0.3742785358962497
-0.6666666666666666 0.769800358919501 0.1532703298125 0.1601413666825 0.4666820263075001
-0.6666666666666666 0.9622504486493763 0.1961473512979165 0.2050744563879166 0.5973691589837499
-0.6666666666666666 1.1547005383792515 0.33872018534999937 0.30808547584624996 0.9855258465462489
-0.6666666666666666 1.3471506281091268 0.19608111435416659 0.20500688684916674 0.5971691155574996
-0.6666666666666666 1.539600717839002 0.1532301591187501 0.16010405847125006 0.4665643767087505
-0.6666666666666666 1.7320508075688772 0.12515325756666668 0.12397202076291669 0.3742785358962497
-0.6666666666666666 1.9245008972987525 0.1532703298125 0.16014136668250004 0.4666820263074999
-0.6666666666666666 2.116950987028628 0.19614735129791644 0.20507445638791652 0.5973691589837499
-0.6666666666666666 2.309401076758503 0.33872018534999937 0.30808547584624985 0.9855258465462489
-0.5 -2.309401076758503 0.19243916249999984 0.1956093307591666 0.5804876557591668
-0.5 -2.116950987028628 0.1795705323311739 0.1863638796832897 0.5455049443456372
-0.5 -1.9245008972987525 0.17957053233117398 0.1863638796832898 0.5455049443456372
-0.5 -1.7320508075688772 0.19243916249999987 0.19560933075916664 0.5804876557591672
-0.5 -1.539600717839002 0.17966082766882585 0.18645201205754358 0.5457736673951965
-0.5 -1.3471506281091268 0.17966082766882585 0.18645201205754366 0.5457736673951958
-0.5 -1.1547005383792515 0.1924391624999997 0.1956093307591666 0.5804876557591668
-0.5 -0.9622504486493763 0.17957053233117393 0.18636387968328985 0.5455049443456371
-0.5 -0.769800358919501 0.17957053233117395 0.18636387968328977 0.5455049443456372
-0.5 -0.5773502691896257 0.19243916249999973 0.19560933075916662 0.5804876557591669
-0.5 -0.3849001794597505 0.17966082766882585 0.1864520120575436 0.5457736673951964
-0.5 -0.19245008972987526 0.17966082766882588 0.18645201205754366 0.5457736673951962
-0.5 0.0 0.19243916249999976 0.19560933075916662 0.580487655759167
-0.5 0.19245008972987526 0.17957053233117398 0.18636387968328977 0.5455049443456373
-0.5 0.3849001794597505 0.1795705323311739 0.18636387968328988 0.5455049443456373
-0.5 0.5773502691896257 0.19243916249999973 0.19560933075916662 0.5804876557591669
-0.5 0.769800358919501 0.1796608276688259 0.18645201205754364 0.5457736673951961
-0.5 0.9622504486493763 0.17966082766882585 0.18645201205754353 0.5457736673951964
-0.5 1.1547005383792515 0.19243916249999973 0.19560933075916662 0.5804876557591669
-0.5 1.3471506281091268 0.17957053233117393 0.18636387968328974 0.5455049443456372
-0.5 1.539600717839002 0.17957053233117398 0.1863638796832897 0.5455049443456373
-0.5 1.7320508075688772 0.1924391624999998 0.19560933075916662 0.5804876557591669
-0.5 1.9245008972987525 0.17966082766882593 0.18645201205754378 0.5457736673951961
-0.5 2.116950987028628 0.17966082766882582 0.18645201205754358 0.5457736673951964
-0.5 2.309401076758503 0.19243916249999987 0.19560933075916664 0.5804876557591669
-0.3333333333333333 -2.309401076758503 0.12515325756666656 0.12397202076291654 0.37427853589624915
-0.3333333333333333 -2.116950987028628 0.15323015911875001 0.16010405847124984 0.46656437670875006
-0.3333333333333333 -1.9245008972987525 0.1960811143541667 0.20500688684916676 0.5971691155575
-0.3333333333333333 -1.7320508075688772 0.3387201853499993 0.30808547584624985 0.9855258465462486
-0.3333333333333333 -1.539600717839002 0.19614735129791636 0.20507445638791655 0.5973691589837498
-0.3333333333333333 -1.3471506281091268 0.1532703298125001 0.1601413666825001 0.46668202630750033
-0.3333333333333333 -1.1547005383792515 0.1251532575666666 0.12397202076291657 0.3742785358962494
-0.3333333333333333 -0.9622504486493763 0.15323015911875001 0.16010405847125 0.4665643767087506
-0.3333333333333333 -0.769800358919501 0.19608111435416659 0.20500688684916676 0.5971691155574995
-0.3333333333333333 -0.5773502691896257 0.33872018534999937 0.30808547584625 0.9855258465462489
-0.3333333333333333 -0.3849001794597505 0.19614735129791658 0.2050744563879167 0.5973691589837498
-0.3333333333333333 -0.19245008972987526 0.1532703298125 0.16014136668250004 0.4666820263075002
-0.3333333333333333 0.0 0.12515325756666662 0.12397202076291663 0.3742785358962497
-0.3333333333333333 0.19245008972987526 0.15323015911875013 0.16010405847125006 0.4665643767087507
-0.3333333333333333 0.3849001794597505 0.19608111435416659 0.20500688684916676 0.5971691155575
-0.3333333333333333 0.5773502691896257 0.33872018534999937 0.30808547584624996 0.9855258465462492
-0.3333333333333333 0.769800358919501 0.19614735129791655 0.20507445638791663 0.5973691589837496
-0.3333333333333333 0.9622504486493763 0.1532703298124999 0.16014136668250006 0.46668202630750033
-0.3333333333333333 1.1547005383792515 0.1251532575666666 0.12397202076291669 0.3742785358962498
-0.3333333333333333 1.3471506281091268 0.15323015911875018 0.16010405847125006 0.46656437670875084
-0.3333333333333333 1.539600717839002 0.19608111435416664 0.20500688684916674 0.5971691155574996
-0.3333333333333333 1.7320508075688772 0.33872018534999926 0.3080854758462499 0.9855258465462486
-0.3333333333333333 1.9245008972987525 0.19614735129791672 0.20507445638791666 0.5973691589837495
-0.3333333333333333 2.116950987028628 0.1532703298124999 0.16014136668249998 0.4666820263075001
-0.3333333333333333 2.309401076758503 0.12515325756666654 0.12397202076291657 0.3742785358962496
-0.16666666666666666 -2.309401076758503 0.06990333544192327 0.07088602534143502 0.21069269622528142
-0.16666666666666666 -2.116950987028628 0.11994238522877158 0.1256283675011585 0.36551313795870144
-0.16666666666666666 -1.9245008972987525 0.18721037508693864 0.195286443386665 0.5697071935605428
-0.16666666666666666 -1.7320508075688772 0.3847610658080769 0.32900618139939836 1.0985283130155505
-0.16666666666666666 -1.539600717839002 0.1872326047712284 0.19531439141717477 0.5697796009596323
-0.16666666666666666 -1.3471506281091268 0.11996190366306105 0.12565239095416822 0.36557619828029086
-0.16666666666666666 -1.1547005383792515 0.06990333544192327 0.07088602534143504 0.2106926962252812
-0.16666666666666666 -0.9622504486493763 0.11994238522877139 0.12562836750115847 0.3655131379587011
-0.16666666666666666 -0.769800358919501 0.18721037508693886 0.19528644338666523 0.5697071935605427
-0.16666666666666666 -0.5773502691896257 0.38476106580807684 0.32900618139939836 1.0985283130155505
-0.16666666666666666 -0.3849001794597505 0.18723260477122827 0.19531439141717483 0.5697796009596321
-0.16666666666666666 -0.19245008972987526 0.11996190366306114 0.12565239095416822 0.36557619828029064
-0.16666666666666666 0.0 0.06990333544192329 0.07088602534143508 0.21069269622528136
-0.16666666666666666 0.19245008972987526 0.11994238522877156 0.12562836750115858 0.3655131379587012
-0.16666666666666666 0.3849001794597505 0.1872103750869388 0.19528644338666523 0.569707193560543
-0.16666666666666666 0.5773502691896257 0.3847610658080769 0.3290061813993983 1.0985283130155508
-0.16666666666666666 0.769800358919501 0.18723260477122838 0.19531439141717474 0.5697796009596321
-0.16666666666666666 0.9622504486493763 0.11996190366306107 0.12565239095416816 0.3655761982802904
-0.16666666666666666 1.1547005383792515 0.06990333544192326 0.07088602534143507 0.21069269622528142
-0.16666666666666666 1.3471506281091268 0.11994238522877144 0.12562836750115855 0.3655131379587008
-0.16666666666666666 1.539600717839002 0.18721037508693888 0.19528644338666526 0.5697071935605434
-0.16666666666666666 1.7320508075688772 0.384761065808077 0.32900618139939836 1.0985283130155508
-0.16666666666666666 1.9245008972987525 0.18723260477122833 0.19531439141717455 0.5697796009596318
-0.16666666666666666 2.116950987028628 0.1199619036630612 0.12565239095416822 0.36557619828029086
-0.16666666666666666 2.309401076758503 0.06990333544192329 0.07088602534143504 0.21069269622528147
0.0 -2.309401076758503 0.05037485030000002 0.046840353307499985 0.1475900539075
0.0 -2.116950987028628 0.10102738334791675 0.10615472801291669 0.3082094947087497
0.0 -1.9245008972987525 0.1753656833187502 0.18112402359625 0.5318553902337502
0.0 -1.7320508075688772 0.3028849613666667 0.3060480684741664 0.9118179912074995
0.0 -1.539600717839002 0.17536568331875024 0.1811240235962499 0.531855390233751
0.0 -1.3471506281091268 0.10102738334791662 0.10615472801291652 0.3082094947087496
0.0 -1.1547005383792515 0.05037485030000002 0.046840353307499985 0.1475900539075
0.0 -0.9622504486493763 0.1010273833479167 0.1061547280129167 0.3082094947087497
0.0 -0.769800358919501 0.17536568331875024 0.18112402359625002 0.5318553902337505
0.0 -0.5773502691896257 0.3028849613666667 0.3060480684741664 0.9118179912074995
0.0 -0.3849001794597505 0.1753656833187502 0.18112402359625 0.5318553902337504
0.0 -0.19245008972987526 0.10102738334791678 0.10615472801291667 0.30820949470875003
0.0 0.0 0.05037485030000002 0.046840353307499985 0.1475900539075
0.0 0.19245008972987526 0.10102738334791678 0.10615472801291667 0.30820949470875003
0.0 0.3849001794597505 0.1753656833187502 0.18112402359625 0.5318553902337504
0.0 0.5773502691896257 0.3028849613666667 0.3060480684741664 0.9118179912074995
0.0 0.769800358919501 0.17536568331875024 0.18112402359625002 0.5318553902337505
0.0 0.9622504486493763 0.1010273833479167 0.1061547280129167 0.3082094947087497
0.0 1.1547005383792515 0.05037485030000002 0.046840353307499985 0.1475900539075
0.0 1.3471506281091268 0.10102738334791662 0.10615472801291652 0.3082094947087496
0.0 1.539600717839002 0.17536568331875024 0.1811240235962499 0.531855390233751
0.0 1.7320508075688772 0.3028849613666667 0.3060480684741664 0.9118179912074995
0.0 1.9245008972987525 0.1753656833187502 0.18112402359625 0.5318553902337502
0.0 2.116950987028628 0.10102738334791675 0.10615472801291669 0.3082094947087497
0.0 2.309401076758503 0.05037485030000002 0.046840353307499985 0.1475900539075
0.16666666666666666 -2.309401076758503 0.06990333544192329 0.07088602534143504 0.21069269622528147
0.16666666666666666 -2.116950987028628 0.1199619036630612 0.12565239095416822 0.36557619828029086
0.16666666666666666 -1.9245008972987525 0.18723260477122833 0.19531439141717455 0.5697796009596318
0.16666666666666666 -1.7320508075688772 0.384761065808077 0.32900618139939836 1.0985283130155508
0.16666666666666666 -1.539600717839002 0.18721037508693888 0.19528644338666526 0.5697071935605434
0.16666666666666666 -1.3471506281091268 0.11994238522877144 0.12562836750115855 0.3655131379587008
0.16666666666666666 -1.1547005383792515 0.06990333544192326 0.07088602534143507 0.21069269622528142
0.16666666666666666 -0.9622504486493763 0.11996190366306107 0.12565239095416816 0.3655761982802904
0.16666666666666666 -0.769800358919501 0.18723260477122838 0.19531439141717474 0.5697796009596321
0.16666666666666666 -0.5773502691896257 0.3847610658080769 0.3290061813993983 1.0985283130155508
0.16666666666666666 -0.3849001794597505 0.1872103750869388 0.19528644338666523 0.569707193560543
0.16666666666666666 -0.19245008972987526 0.11994238522877156 0.12562836750115858 0.3655131379587012
0.16666666666666666 0.0 0.06990333544192329 0.07088602534143508 0.21069269622528136
0.16666666666666666 0.19245008972987526 0.11996190366306114 0.12565239095416822 0.36557619828029064
0.16666666666666666 0.3849001794597505 0.18723260477122827 0.19531439141717483 0.5697796009596321
0.16666666666666666 0.5773502691896257 0.38476106580807684 0.32900618139939836 1.0985283130155505
0.16666666666666666 0.769800358919501 0.18721037508693886 0.19528644338666523 0.5697071935605427
0.16666666666666666 0.9622504486493763 0.11994238522877139 0.12562836750115847 0.3655131379587011
0.16666666666666666 1.1547005383792515 0.06990333544192327 0.07088602534143504 0.2106926962252812
0.16666666666666666 1.3471506281091268 0.11996190366306105 0.12565239095416822 0.36557619828029086
0.16666666666666666 1.539600717839002 0.1872326047712284 0.19531439141717477 0.5697796009596323
0.16666666666666666 1.7320508075688772 0.3847610658080769 0.32900618139939836 1.0985283130155505
0.16666666666666666 1.9245008972987525 0.18721037508693864 0.195286443386665 0.5697071935605428
0.16666666666666666 2.116950987028628 0.11994238522877158 0.1256283675011585 0.36551313795870144
0.16666666666666666 2.309401076758503 0.06990333544192327 0.07088602534143502 0.21069269622528142
0.3333333333333333 -2.309401076758503 0.12515325756666654 0.12397202076291657 0.3742785358962496
0.3333333333333333 -2.116950987028628 0.1532703298124999 0.16014136668249998 0.4666820263075001
0.3333333333333333 -1.9245008972987525 0.19614735129791672 0.20507445638791666 0.5973691589837495
0.3333333333333333 -1.7320508075688772 0.33872018534999926 0.3080854758462499 0.9855258465462486
0.3333333333333333 -1.539600717839002 0.19608111435416664 0.20500688684916674 0.5971691155574996
0.3333333333333333 -1.3471506281091268 0.15323015911875018 0.16010405847125006 0.46656437670875084
0.3333333333333333 -1.1547005383792515 0.1251532575666666 0.12397202076291669 0.3742785358962498
0.3333333333333333 -0.9622504486493763 0.1532703298124999 0.16014136668250006 0.46668202630750033
0.3333333333333333 -0.769800358919501 0.19614735129791655 0.20507445638791663 0.5973691589837496
0.3333333333333333 -0.5773502691896257 0.33872018534999937 0.30808547584624996 0.9855258465462492
0.3333333333333333 -0.3849001794597505 0.19608111435416659 0.20500688684916676 0.5971691155575
0.3333333333333333 -0.19245008972987526 0.15323015911875013 0.16010405847125006 0.4665643767087507
0.3333333333333333 0.0 0.12515325756666662 0.12397202076291663 0.3742785358962497
0.3333333333333333 0.19245008972987526 0.1532703298125 0.16014136668250004 0.4666820263075002
0.3333333333333333 0.3849001794597505 0.19614735129791658 0.2050744563879167 0.5973691589837498
0.3333333333333333 0.5773502691896257 0.33872018534999937 0.30808547584625 0.9855258465462489
0.3333333333333333 0.769800358919501 0.19608111435416659 0.20500688684916676 0.5971691155574995
0.3333333333333333 0.9622504486493763 0.15323015911875001 0.16010405847125 0.4665643767087506
0.3333333333333333 1.1547005383792515 0.1251532575666666 0.12397202076291657 0.3742785358962494
0.3333333333333333 1.3471506281091268 0.1532703298125001 0.1601413666825001 0.46668202630750033
0.3333333333333333 1.539600717839002 0.19614735129791636 0.20507445638791655 0.5973691589837498
0.3333333333333333 1.7320508075688772 0.3387201853499993 0.30808547584624985 0.9855258465462486
0.3333333333333333 1.9245008972987525 0.1960811143541667 0.20500688684916676 0.5971691155575
0.3333333333333333 2.116950987028628 0.15323015911875001 0.16010405847124984 0.46656437670875006
0.3333333333333333 2.309401076758503 0.12515325756666656 0.12397202076291654 0.37427853589624915
0.5 -2.309401076758503 0.19243916249999987 0.19560933075916664 0.5804876557591669
0.5 -2.116950987028628 0.17966082766882582 0.18645201205754358 0.5457736673951964
0.5 -1.9245008972987525 0.17966082766882593 0.18645201205754378 0.5457736673951961
0.5 -1.7320508075688772 0.1924391624999998 0.19560933075916662 0.5804876557591669
0.5 -1.539600717839002 0.17957053233117398 0.1863638796832897 0.5455049443456373
0.5 -1.3471506281091268 0.17957053233117393 0.18636387968328974 0.5455049443456372
0.5 -1.1547005383792515 0.19243916249999973 0.19560933075916662 0.5804876557591669
0.5 -0.9622504486493763 0.17966082766882585 0.18645201205754353 0.5457736673951964
0.5 -0.769800358919501 0.1796608276688259 0.18645201205754364 0.5457736673951961
0.5 -0.5773502691896257 0.19243916249999973 0.19560933075916662 0.5804876557591669
0.5 -0.3849001794597505 0.1795705323311739 0.18636387968328988 0.5455049443456373
0.5 -0.19245008972987526 0.17957053233117398 0.18636387968328977 0.5455049443456373
0.5 0.0 0.19243916249999976 0.19560933075916662 0.580487655759167
0.5 0.19245008972987526 0.17966082766882588 0.18645201205754366 0.5457736673951962
0.5 0.3849001794597505 0.17966082766882585 0.1864520120575436 0.5457736673951964
0.5 0.5773502691896257 0.19243916249999973 0.19560933075916662 0.5804876557591669
0.5 0.769800358919501 0.17957053233117395 0.18636387968328977 0.5455049443456372
0.5 0.9622504486493763 0.17957053233117393 0.18636387968328985 0.5455049443456371
0.5 1.1547005383792515 0.1924391624999997 0.1956093307591666 0.5804876557591668
0.5 1.3471506281091268 0.17966082766882585 0.18645201205754366 0.5457736673951958
0.5 1.539600717839002 0.17966082766882585 0.18645201205754358 0.5457736673951965
0.5 1.7320508075688772 0.19243916249999987 0.19560933075916664 0.5804876557591672
0.5 1.9245008972987525 0.17957053233117398 0.1863638796832898 0.5455049443456372
0.5 2.116950987028628 0.1795705323311739 0.1863638796832897 0.5455049443456372
0.5 2.309401076758503 0.19243916249999984 0.1956093307591666 0.5804876557591668
0.6666666666666666 -2.309401076758503 0.33872018534999937 0.30808547584624985 0.9855258465462489
0.6666666666666666 -2.116950987028628 0.19614735129791644 0.20507445638791652 0.5973691589837499
0.6666666666666666 -1.9245008972987525 0.1532703298125 0.16014136668250004 0.4666820263074999
0.6666666666666666 -1.7320508075688772 0.12515325756666668 0.12397202076291669 0.3742785358962497
0.6666666666666666 -1.539600717839002 0.1532301591187501 0.16010405847125006 0.4665643767087505
0.6666666666666666 -1.3471506281091268 0.19608111435416659 0.20500688684916674 0.5971691155574996
0.6666666666666666 -1.1547005383792515 0.33872018534999937 0.30808547584624996 0.9855258465462489
0.6666666666666666 -0.9622504486493763 0.1961473512979165 0.2050744563879166 0.5973691589837499
0.6666666666666666 -0.769800358919501 0.1532703298125 0.1601413666825 0.4666820263075001
0.6666666666666666 -0.5773502691896257 0.12515325756666656 0.12397202076291668 0.3742785358962497
0.6666666666666666 -0.3849001794597505 0.15323015911875013 0.16010405847125 0.4665643767087507
0.6666666666666666 -0.19245008972987526 0.19608111435416664 0.20500688684916676 0.5971691155574997
0.6666666666666666 0.0 0.3387201853499993 0.30808547584624985 0.9855258465462486
0.6666666666666666 0.19245008972987526 0.19614735129791652 0.2050744563879166 0.5973691589837496
0.6666666666666666 0.3849001794597505 0.15327032981249994 0.16014136668250006 0.46668202630750033
0.6666666666666666 0.5773502691896257 0.12515325756666665 0.12397202076291676 0.3742785358962498
0.6666666666666666 0.769800358919501 0.15323015911875015 0.16010405847125006 0.4665643767087506
0.6666666666666666 0.9622504486493763 0.19608111435416664 0.2050068868491667 0.5971691155574996
0.6666666666666666 1.1547005383792515 0.33872018534999937 0.30808547584624996 0.9855258465462489
0.6666666666666666 1.3471506281091268 0.19614735129791658 0.2050744563879167 0.5973691589837492
0.6666666666666666 1.539600717839002 0.15327032981249994 0.16014136668250006 0.4666820263075002
0.6666666666666666 1.7320508075688772 0.1251532575666667 0.12397202076291675 0.37427853589625026
0.6666666666666666 1.9245008972987525 0.15323015911875004 0.16010405847125 0.4665643767087503
0.6666666666666666 2.116950987028628 0.19608111435416678 0.20500688684916676 0.5971691155574996
0.6666666666666666 2.309401076758503 0.33872018534999926 0.3080854758462501 0.9855258465462489
0.8333333333333334 -2.309401076758503 0.3847610658080769 0.3290061813993983 1.0985283130155503
0.8333333333333334 -2.116950987028628 0.18723260477122822 0.19531439141717474 0.5697796009596319
0.8333333333333334 -1.9245008972987525 0.11996190366306103 0.12565239095416822 0.36557619828029086
0.8333333333333334 -1.7320508075688772 0.06990333544192323 0.07088602534143504 0.2106926962252811
0.8333333333333334 -1.539600717839002 0.11994238522877142 0.1256283675011584 0.3655131379587012
0.8333333333333334 -1.3471506281091268 0.18721037508693877 0.19528644338666515 0.569707193560543
0.8333333333333334 -1.1547005383792515 0.3847610658080769 0.32900618139939836 1.0985283130155505
0.8333333333333334 -0.9622504486493763 0.18723260477122844 0.19531439141717474 0.569779600959632
0.8333333333333334 -0.769800358919501 0.1199619036630611 0.12565239095416825 0.36557619828029075
0.8333333333333334 -0.5773502691896257 0.06990333544192324 0.07088602534143507 0.2106926962252814
0.8333333333333334 -0.3849001794597505 0.11994238522877151 0.12562836750115855 0.3655131379587012
0.8333333333333334 -0.19245008972987526 0.18721037508693888 0.19528644338666526 0.5697071935605429
0.8333333333333334 0.0 0.3847610658080769 0.32900618139939825 1.0985283130155505
0.8333333333333334 0.19245008972987526 0.18723260477122833 0.1953143914171748 0.5697796009596321
0.8333333333333334 0.3849001794597505 0.11996190366306116 0.12565239095416822 0.36557619828029064
0.8333333333333334 0.5773502691896257 0.0699033354419233 0.0708860253414351 0.2106926962252814
0.8333333333333334 0.769800358919501 0.1199423852287715 0.12562836750115855 0.3655131379587011
0.8333333333333334 0.9622504486493763 0.1872103750869388 0.19528644338666526 0.5697071935605431
0.8333333333333334 1.1547005383792515 0.38476106580807695 0.32900618139939836 1.0985283130155505
0.8333333333333334 1.3471506281091268 0.18723260477122844 0.1953143914171748 0.5697796009596323
0.8333333333333334 1.539600717839002 0.11996190366306109 0.1256523909541681 0.3655761982802902
0.8333333333333334 1.7320508075688772 0.06990333544192324 0.07088602534143497 0.21069269622528128
0.8333333333333334 1.9245008972987525 0.11994238522877142 0.12562836750115855 0.3655131379587012
0.8333333333333334 2.116950987028628 0.18721037508693866 0.19528644338666515 0.5697071935605431
0.8333333333333334 2.309401076758503 0.38476106580807695 0.32900618139939825 1.0985283130155503
1.0 -2.309401076758503 0.3028849613666667 0.3060480684741664 0.9118179912074995
1.0 -2.116950987028628 0.1753656833187502 0.18112402359624996 0.5318553902337507
1.0 -1.9245008972987525 0.10102738334791667 0.10615472801291655 0.3082094947087499
1.0 -1.7320508075688772 0.05037485030000002 0.046840353307499985 0.1475900539075
1.0 -1.539600717839002 0.10102738334791678 0.1061547280129167 0.3082094947087497
1.0 -1.3471506281091268 0.17536568331875027 0.18112402359625016 0.5318553902337506
1.0 -1.1547005383792515 0.3028849613666667 0.3060480684741664 0.9118179912074995
1.0 -0.9622504486493763 0.17536568331875016 0.18112402359624996 0.5318553902337508
1.0 -0.769800358919501 0.10102738334791676 0.10615472801291666 0.30820949470875014
1.0 -0.5773502691896257 0.05037485030000002 0.046840353307499985 0.1475900539075
1.0 -0.3849001794597505 0.10102738334791678 0.10615472801291666 0.3082094947087498
1.0 -0.19245008972987526 0.17536568331875024 0.18112402359625002 0.5318553902337504
1.0 0.0 0.3028849613666667 0.3060480684741664 0.9118179912074995
1.0 0.19245008972987526 0.17536568331875022 0.18112402359625007 0.5318553902337505
1.0 0.3849001794597505 0.10102738334791675 0.10615472801291666 0.3082094947087498
1.0 0.5773502691896257 0.05037485030000002 0.046840353307499985 0.1475900539075
1.0 0.769800358919501 0.10102738334791672 0.1061547280129166 0.3082094947087499
1.0 0.9622504486493763 0.1753656833187502 0.18112402359624996 0.5318553902337507
1.0 1.1547005383792515 0.3028849613666667 0.3060480684741664 0.9118179912074995
1.0 1.3471506281091268 0.17536568331875022 0.18112402359625007 0.5318553902337506
1.0 1.539600717839002 0.10102738334791668 0.10615472801291671 0.3082094947087497
1.0 1.7320508075688772 0.05037485030000002 0.046840353307499985 0.1475900539075
1.0 1.9245008972987525 0.10102738334791674 0.10615472801291657 0.30820949470875003
1.0 2.116950987028628 0.17536568331875002 0.18112402359624988 0.5318553902337507
1.0 2.309401076758503 0.3028849613666667 0.3060480684741664 0.9118179912074995
1.1666666666666667 -2.309401076758503 0.3847610658080769 0.32900618139939825 1.0985283130155505
1.1666666666666667 -2.116950987028628 0.18721037508693888 0.19528644338666515 0.5697071935605431
1.1666666666666667 -1.9245008972987525 0.11994238522877149 0.12562836750115863 0.3655131379587012
1.1666666666666667 -1.7320508075688772 0.06990333544192326 0.070886025341435 0.21069269622528133
1.1666666666666667 -1.539600717839002 0.11996190366306107 0.1256523909541681 0.36557619828029053
1.1666666666666667 -1.3471506281091268 0.18723260477122855 0.1953143914171748 0.5697796009596322
1.1666666666666667 -1.1547005383792515 0.38476106580807695 0.32900618139939836 1.0985283130155508
1.1666666666666667 -0.9622504486493763 0.18721037508693883 0.19528644338666526 0.5697071935605434
1.1666666666666667 -0.769800358919501 0.1199423852287715 0.12562836750115858 0.3655131379587012
1.1666666666666667 -0.5773502691896257 0.06990333544192331 0.07088602534143508 0.21069269622528158
1.1666666666666667 -0.3849001794597505 0.11996190366306111 0.1256523909541682 0.36557619828029075
1.1666666666666667 -0.19245008972987526 0.1872326047712284 0.1953143914171748 0.5697796009596322
1.1666666666666667 0.0 0.3847610658080769 0.3290061813993983 1.0985283130155505
1.1666666666666667 0.19245008972987526 0.1872103750869388 0.1952864433866653 0.5697071935605429
1.1666666666666667 0.3849001794597505 0.11994238522877154 0.12562836750115852 0.36551313795870133
1.1666666666666667 0.5773502691896257 0.06990333544192324 0.07088602534143508 0.21069269622528147
1.1666666666666667 0.769800358919501 0.11996190366306113 0.12565239095416827 0.36557619828029086
1.1666666666666667 0.9622504486493763 0.18723260477122838 0.19531439141717485 0.5697796009596322
1.1666666666666667 1.1547005383792515 0.38476106580807706 0.3290061813993984 1.0985283130155505
1.1666666666666667 1.3471506281091268 0.1872103750869388 0.19528644338666523 0.5697071935605428
1.1666666666666667 1.539600717839002 0.1199423852287714 0.1256283675011584 0.3655131379587012
1.1666666666666667 1.7320508075688772 0.06990333544192326 0.07088602534143501 0.2106926962252813
1.1666666666666667 1.9245008972987525 0.11996190366306106 0.12565239095416827 0.36557619828029086
1.1666666666666667 2.116950987028628 0.1872326047712283 0.19531439141717472 0.5697796009596318
1.1666666666666667 2.309401076758503 0.384761065808077 0.32900618139939836 1.0985283130155503
1.3333333333333333 -2.309401076758503 0.33872018534999954 0.30808547584625007 0.9855258465462498
1.3333333333333333 -2.116950987028628 0.19608111435416678 0.20500688684916676 0.5971691155575
1.3333333333333333 -1.9245008972987525 0.1532301591187501 0.16010405847124998 0.46656437670874995
1.3333333333333333 -1.7320508075688772 0.12515325756666662 0.12397202076291672 0.37427853589625004
1.3333333333333333 -1.539600717839002 0.15327032981250002 0.1601413666825 0.4666820263075001
1.3333333333333333 -1.3471506281091268 0.19614735129791658 0.20507445638791663 0.5973691589837499
1.3333333333333333 -1.1547005383792515 0.3387201853499995 0.30808547584625 0.9855258465462496
1.3333333333333333 -0.9622504486493763 0.1960811143541667 0.2050068868491668 0.5971691155574997
1.3333333333333333 -0.769800358919501 0.1532301591187501 0.16010405847125006 0.4665643767087505
1.3333333333333333 -0.5773502691896257 0.1251532575666666 0.12397202076291668 0.3742785358962496
1.3333333333333333 -0.3849001794597505 0.15327032981249994 0.16014136668250006 0.4666820263075
1.3333333333333333 -0.19245008972987526 0.19614735129791658 0.20507445638791666 0.5973691589837498
1.3333333333333333 0.0 0.3387201853499994 0.3080854758462501 0.9855258465462492
1.3333333333333333 0.19245008972987526 0.19608111435416667 0.20500688684916676 0.5971691155574999
1.3333333333333333 0.3849001794597505 0.15323015911875007 0.16010405847125003 0.4665643767087505
1.3333333333333333 0.5773502691896257 0.1251532575666665 0.12397202076291652 0.37427853589624926
1.3333333333333333 0.769800358919501 0.15327032981250002 0.16014136668250004 0.4666820263075001
1.3333333333333333 0.9622504486493763 0.19614735129791647 0.20507445638791671 0.5973691589837499
1.3333333333333333 1.1547005383792515 0.3387201853499995 0.30808547584625 0.9855258465462493
1.3333333333333333 1.3471506281091268 0.19608111435416664 0.20500688684916687 0.5971691155574999
1.3333333333333333 1.539600717839002 0.15323015911875001 0.16010405847124987 0.4665643767087505
1.3333333333333333 1.7320508075688772 0.12515325756666673 0.12397202076291666 0.3742785358962498
1.3333333333333333 1.9245008972987525 0.15327032981249994 0.1601413666825 0.4666820263074999
1.3333333333333333 2.116950987028628 0.1961473512979165 0.20507445638791663 0.5973691589837501
1.3333333333333333 2.309401076758503 0.3387201853499996 0.30808547584625007 0.9855258465462496
1.5 -2.309401076758503 0.1924391624999998 0.19560933075916662 0.5804876557591673
1.5 -2.116950987028628 0.1795705323311739 0.18636387968328968 0.5455049443456372
1.5 -1.9245008972987525 0.17957053233117398 0.18636387968328977 0.5455049443456373
1.5 -1.7320508075688772 0.1924391624999999 0.1956093307591667 0.5804876557591672
1.5 -1.539600717839002 0.17966082766882568 0.18645201205754353 0.5457736673951962
1.5 -1.3471506281091268 0.17966082766882593 0.1864520120575437 0.5457736673951961
1.5 -1.1547005383792515 0.19243916249999987 0.19560933075916673 0.5804876557591673
1.5 -0.9622504486493763 0.17957053233117398 0.18636387968328988 0.5455049443456373
1.5 -0.769800358919501 0.17957053233117398 0.18636387968328974 0.5455049443456372
1.5 -0.5773502691896257 0.1924391624999998 0.19560933075916662 0.580487655759167
1.5 -0.3849001794597505 0.17966082766882588 0.18645201205754353 0.5457736673951961
1.5 -0.19245008972987526 0.17966082766882593 0.18645201205754366 0.5457736673951963
1.5 0.0 0.19243916249999973 0.19560933075916662 0.580487655759167
1.5 0.19245008972987526 0.179570532331174 0.1863638796832898 0.5455049443456376
1.5 0.3849001794597505 0.17957053233117382 0.18636387968328982 0.5455049443456372
1.5 0.5773502691896257 0.19243916249999976 0.19560933075916662 0.580487655759167
1.5 0.769800358919501 0.17966082766882593 0.18645201205754366 0.5457736673951961
1.5 0.9622504486493763 0.1796608276688259 0.18645201205754353 0.5457736673951965
1.5 1.1547005383792515 0.19243916249999993 0.1956093307591667 0.5804876557591674
1.5 1.3471506281091268 0.17957053233117393 0.18636387968328982 0.5455049443456372
1.5 1.539600717839002 0.1795705323311738 0.18636387968328968 0.545504944345637
1.5 1.7320508075688772 0.19243916249999984 0.19560933075916673 0.580487655759167
1.5 1.9245008972987525 0.17966082766882596 0.18645201205754375 0.545773667395196
1.5 2.116950987028628 0.17966082766882577 0.18645201205754353 0.5457736673951962
1.5 2.309401076758503 0.19243916249999993 0.1956093307591667 0.5804876557591676
1.6666666666666667 -2.309401076758503 0.12515325756666662 0.1239720207629166 0.3742785358962496
1.6666666666666667 -2.116950987028628 0.15323015911875004 0.16010405847124992 0.46656437670875006
1.6666666666666667 -1.9245008972987525 0.19608111435416672 0.20500688684916685 0.5971691155575
1.6666666666666667 -1.7320508075688772 0.3387201853499993 0.30808547584624996 0.9855258465462491
1.6666666666666667 -1.539600717839002 0.19614735129791644 0.20507445638791652 0.5973691589837498
1.6666666666666667 -1.3471506281091268 0.15327032981250002 0.16014136668250006 0.4666820263075001
1.6666666666666667 -1.1547005383792515 0.12515325756666665 0.1239720207629166 0.3742785358962494
1.6666666666666667 -0.9622504486493763 0.15323015911875001 0.16010405847125 0.4665643767087507
1.6666666666666667 -0.769800358919501 0.19608111435416659 0.2050068868491667 0.5971691155574994
1.6666666666666667 -0.5773502691896257 0.3387201853499993 0.30808547584625007 0.985525846546249
1.6666666666666667 -0.3849001794597505 0.1961473512979165 0.20507445638791671 0.5973691589837498
1.6666666666666667 -0.19245008972987526 0.1532703298124999 0.1601413666825001 0.46668202630750033
1.6666666666666667 0.0 0.1251532575666666 0.12397202076291663 0.3742785358962497
1.6666666666666667 0.19245008972987526 0.15323015911875001 0.1601040584712501 0.4665643767087507
1.6666666666666667 0.3849001794597505 0.19608111435416656 0.20500688684916682 0.5971691155574995
1.6666666666666667 0.5773502691896257 0.33872018534999937 0.30808547584625 0.9855258465462489
1.6666666666666667 0.769800358919501 0.1961473512979166 0.20507445638791666 0.5973691589837494
1.6666666666666667 0.9622504486493763 0.15327032981249997 0.16014136668250015 0.46668202630750033
1.6666666666666667 1.1547005383792515 0.12515325756666662 0.12397202076291669 0.3742785358962497
1.6666666666666667 1.3471506281091268 0.1532301591187501 0.16010405847125003 0.4665643767087505
1.6666666666666667 1.539600717839002 0.19608111435416678 0.20500688684916676 0.5971691155574996
1.6666666666666667 1.7320508075688772 0.33872018534999926 0.3080854758462499 0.985525846546249
1.6666666666666667 1.9245008972987525 0.1961473512979166 0.20507445638791671 0.5973691589837498
1.6666666666666667 2.116950987028628 0.1532703298125 0.16014136668250004 0.4666820263075
1.6666666666666667 2.309401076758503 0.12515325756666656 0.12397202076291668 0.3742785358962498
1.8333333333333333 -2.309401076758503 0.06990333544192322 0.07088602534143505 0.21069269622528156
1.8333333333333333 -2.116950987028628 0.11994238522877156 0.12562836750115855 0.36551313795870166
1.8333333333333333 -1.9245008972987525 0.18721037508693872 0.1952864433866651 0.5697071935605428
1.8333333333333333 -1.7320508075688772 0.384761065808077 0.32900618139939836 1.0985283130155508
1.8333333333333333 -1.539600717839002 0.18723260477122838 0.19531439141717477 0.5697796009596324
1.8333333333333333 -1.3471506281091268 0.11996190366306105 0.1256523909541682 0.36557619828029075
1.8333333333333333 -1.1547005383792515 0.06990333544192337 0.07088602534143508 0.21069269622528156
1.8333333333333333 -0.9622504486493763 0.1199423852287716 0.12562836750115858 0.3655131379587018
1.8333333333333333 -0.769800358919501 0.18721037508693888 0.1952864433866653 0.569707193560543
1.8333333333333333 -0.5773502691896257 0.384761065808077 0.32900618139939836 1.0985283130155505
1.8333333333333333 -0.3849001794597505 0.18723260477122838 0.19531439141717483 0.5697796009596323
1.8333333333333333 -0.19245008972987526 0.1199619036630611 0.12565239095416822 0.365576198280291
1.8333333333333333 0.0 0.06990333544192333 0.07088602534143516 0.21069269622528167
1.8333333333333333 0.19245008972987526 0.1199423852287715 0.12562836750115852 0.36551313795870133
1.8333333333333333 0.3849001794597505 0.18721037508693888 0.19528644338666531 0.5697071935605432
1.8333333333333333 0.5773502691896257 0.38476106580807706 0.3290061813993983 1.098528313015551
1.8333333333333333 0.769800358919501 0.18723260477122847 0.1953143914171748 0.5697796009596323
1.8333333333333333 0.9622504486493763 0.11996190366306124 0.12565239095416822 0.3655761982802911
1.8333333333333333 1.1547005383792515 0.06990333544192333 0.07088602534143508 0.21069269622528164
1.8333333333333333 1.3471506281091268 0.11994238522877147 0.12562836750115852 0.3655131379587012
1.8333333333333333 1.539600717839002 0.1872103750869389 0.19528644338666526 0.5697071935605437
1.8333333333333333 1.7320508075688772 0.3847610658080771 0.32900618139939836 1.0985283130155503
1.8333333333333333 1.9245008972987525 0.1872326047712282 0.19531439141717472 0.5697796009596318
1.8333333333333333 2.116950987028628 0.11996190366306123 0.12565239095416825 0.36557619828029086
1.8333333333333333 2.309401076758503 0.06990333544192331 0.07088602534143501 0.2106926962252816
2.0 -2.309401076758503 0.05037485030000002 0.046840353307499985 0.1475900539075
2.0 -2.116950987028628 0.10102738334791678 0.1061547280129167 0.3082094947087499
2.0 -1.9245008972987525 0.1753656833187502 0.18112402359625007 0.5318553902337503
2.0 -1.7320508075688772 0.3028849613666667 0.3060480684741664 0.9118179912074995
2.0 -1.539600717839002 0.17536568331875013 0.1811240235962499 0.5318553902337508
2.0 -1.3471506281091268 0.10102738334791667 0.10615472801291652 0.3082094947087498
2.0 -1.1547005383792515 0.05037485030000002 0.046840353307499985 0.1475900539075
2.0 -0.9622504486493763 0.10102738334791676 0.1061547280129167 0.3082094947087498
2.0 -0.769800358919501 0.17536568331875024 0.18112402359625002 0.5318553902337503
2.0 -0.5773502691896257 0.3028849613666667 0.3060480684741664 0.9118179912074995
2.0 -0.3849001794597505 0.1753656833187501 0.18112402359625002 0.5318553902337504
2.0 -0.19245008972987526 0.10102738334791675 0.10615472801291666 0.3082094947087498
2.0 0.0 0.05037485030000002 0.046840353307499985 0.1475900539075
2.0 0.19245008972987526 0.10102738334791671 0.10615472801291666 0.30820949470875003
2.0 0.3849001794597505 0.1753656833187502 0.18112402359624996 0.5318553902337504
2.0 0.5773502691896257 0.3028849613666667 0.3060480684741664 0.9118179912074995
2.0 0.769800358919501 0.1753656833187501 0.18112402359625007 0.5318553902337504
2.0 0.9622504486493763 0.10102738334791662 0.1061547280129167 0.3082094947087499
2.0 1.1547005383792515 0.05037485030000002 0.046840353307499985 0.1475900539075
2.0 1.3471506281091268 0.10102738334791664 0.10615472801291652 0.3082094947087498
2.0 1.539600717839002 0.17536568331875002 0.18112402359624985 0.5318553902337508
2.0 1.7320508075688772 0.3028849613666667 0.3060480684741664 0.9118179912074995
2.0 1.9245008972987525 0.17536568331875022 0.18112402359624996 0.5318553902337502
2.0 2.116950987028628 0.10102738334791675 0.10615472801291669 0.3082094947087499
2.0 2.309401076758503 0.05037485030000002 0.046840353307499985 0.1475900539075
