i j <Si^z Sj^z> <SpSm> <SmSp>
1 1 0.163848 0.327696 0.327696
1 2 -0.0408304 -0.0816608 -0.0816608
1 3 0.00706354 0.0141271 0.0141271
1 4 -0.0161952 -0.0323904 -0.0323904
1 5 0.00706059 0.0141212 0.0141212
1 6 -0.0408695 -0.081739 -0.081739
1 7 -0.0141356 -0.0282713 -0.0282713
1 8 -0.0331844 -0.0663689 -0.0663689
1 9 -0.000290743 -0.000581483 -0.000581483
1 10 -0.00976454 -0.0195291 -0.0195291
1 11 -0.000294514 -0.00058903 -0.00058903
1 12 -0.0331724 -0.0663449 -0.0663449
1 13 -0.00235306 -0.00470613 -0.00470613
1 14 0.00220362 0.00440724 0.00440724
1 15 0.00240945 0.00481889 0.00481889
1 16 -0.0003319 -0.000663801 -0.000663801
1 17 0.00238036 0.00476072 0.00476072
1 18 0.00220954 0.00441909 0.00441909
1 19 0.000703667 0.00140733 0.00140733
1 20 -0.00202046 -0.00404092 -0.00404092
1 21 -0.000172328 -0.000344673 -0.000344673
1 22 -0.00122227 -0.00244454 -0.00244454
1 23 -0.000150296 -0.000300611 -0.000300611
1 24 -0.00195483 -0.00390965 -0.00390965
1 25 -0.00061293 -0.00122587 -0.00122587
1 26 0.00136808 0.00273617 0.00273617
1 27 -0.000491873 -0.000983767 -0.000983767
1 28 0.00200488 0.00400977 0.00400977
1 29 -0.000484031 -0.000968072 -0.000968072
1 30 0.00135694 0.00271388 0.00271388
1 31 0.0017874 0.00357482 0.00357482
1 32 -0.000342672 -0.000685346 -0.000685346
1 33 0.00280683 0.00561366 0.00561366
1 34 -0.000770307 -0.00154061 -0.00154061
1 35 0.00278942 0.00557887 0.00557887
1 36 -0.000347797 -0.000695597 -0.000695597
2 1 -0.0408304 -0.0816608 -0.0816608
2 2 0.193376 0.386752 0.386751
2 3 -0.0408553 -0.0817105 -0.0817105
2 4 0.00808204 0.016164 0.016164
2 5 -0.016203 -0.0324059 -0.0324059
2 6 0.00811472 0.0162294 0.0162294
2 7 0.00976593 0.0195318 0.0195318
2 8 -0.0546172 -0.109234 -0.109234
2 9 0.00973857 0.0194771 0.0194771
2 10 0.00318438 0.00636877 0.00636877
2 11 0.00426479 0.00852956 0.00852956
2 12 0.00318279 0.00636558 0.00636558
2 13 -0.0140834 -0.0281669 -0.0281669
2 14 -0.0119788 -0.0239577 -0.0239577
2 15 -0.0140936 -0.0281872 -0.0281872
2 16 0.000402079 0.000804152 0.000804152
2 17 -0.00473658 -0.00947314 -0.00947314
2 18 0.00039263 0.000785256 0.000785256
2 19 -0.00070683 -0.00141367 -0.00141367
2 20 0.00647621 0.0129524 0.0129524
2 21 -0.00072075 -0.0014415 -0.0014415
2 22 0.00337143 0.00674281 0.00674281
2 23 0.00120336 0.00240673 0.00240673
2 24 0.00337247 0.00674492 0.00674492
2 25 0.00302218 0.00604439 0.00604439
2 26 -0.02312 -0.0462399 -0.0462399
2 27 0.003 0.00599998 0.00599998
2 28 -0.00300669 -0.00601338 -0.00601338
2 29 0.00141318 0.00282639 0.00282639
2 30 -0.00300237 -0.00600466 -0.00600466
2 31 -0.0172387 -0.0344775 -0.0344775
2 32 0.00168401 0.00336809 0.00336809
2 33 -0.0171248 -0.0342494 -0.0342494
2 34 0.00280199 0.00560393 0.00560393
2 35 -0.00731924 -0.0146385 -0.0146385
2 36 0.00278929 0.00557857 0.00557857
3 1 0.00706354 0.0141271 0.0141271
3 2 -0.0408553 -0.0817105 -0.0817105
3 3 0.163854 0.327709 0.327709
3 4 -0.0408705 -0.081741 -0.081741
3 5 0.00706603 0.0141321 0.0141321
3 6 -0.0162209 -0.0324418 -0.0324418
3 7 -0.000297523 -0.000595047 -0.000595047
3 8 -0.0331738 -0.0663475 -0.0663475
3 9 -0.0141207 -0.0282413 -0.0282413
3 10 -0.0331868 -0.0663737 -0.0663737
3 11 -0.000297929 -0.000595856 -0.000595856
3 12 -0.00975701 -0.019514 -0.019514
3 13 0.00239813 0.00479626 0.00479626
3 14 0.0021956 0.0043912 0.0043912
3 15 -0.00224904 -0.00449808 -0.00449808
3 16 0.00219015 0.0043803 0.0043803
3 17 0.00237189 0.00474379 0.00474379
3 18 -0.000318914 -0.00063783 -0.00063783
3 19 -0.000165996 -0.00033199 -0.00033199
3 20 -0.0020204 -0.0040408 -0.0040408
3 21 0.000737392 0.00147479 0.00147479
3 22 -0.00196262 -0.00392524 -0.00392524
3 23 -0.000147054 -0.000294093 -0.000294093
3 24 -0.00121769 -0.00243538 -0.00243538
3 25 -0.000492049 -0.000984107 -0.000984107
3 26 0.00132976 0.00265952 0.00265952
3 27 -0.000610667 -0.00122134 -0.00122134
3 28 0.0013252 0.00265037 0.00265037
3 29 -0.000484048 -0.000968092 -0.000968092
3 30 0.00200603 0.00401207 0.00401207
3 31 0.00281852 0.00563705 0.00563705
3 32 -0.000335495 -0.000671009 -0.000671009
3 33 0.00173505 0.00347011 0.00347011
3 34 -0.000340095 -0.000680204 -0.000680204
3 35 0.00280239 0.00560477 0.00560477
3 36 -0.000769607 -0.00153922 -0.00153922
4 1 -0.0161952 -0.0323904 -0.0323904
4 2 0.00808204 0.016164 0.016164
4 3 -0.0408705 -0.081741 -0.081741
4 4 0.19335 0.386701 0.3867
4 5 -0.0408954 -0.0817908 -0.0817908
4 6 0.00808507 0.0161701 0.0161701
4 7 0.00427522 0.00855044 0.00855044
4 8 0.00318926 0.00637854 0.00637854
4 9 0.00975432 0.0195086 0.0195086
4 10 -0.0546579 -0.109316 -0.109316
4 11 0.00971404 0.0194281 0.0194281
4 12 0.0031861 0.00637221 0.00637221
4 13 -0.00473085 -0.00946169 -0.00946169
4 14 0.000414187 0.000828356 0.000828356
4 15 -0.0140958 -0.0281916 -0.0281916
4 16 -0.0120057 -0.0240114 -0.0240114
4 17 -0.0140473 -0.0280947 -0.0280947
4 18 0.000398519 0.000797039 0.000797039
4 19 0.00127454 0.00254906 0.00254906
4 20 0.00338198 0.00676394 0.00676394
4 21 -0.000635091 -0.00127021 -0.00127021
4 22 0.00634891 0.0126978 0.0126978
4 23 -0.000678933 -0.00135786 -0.00135786
4 24 0.00335626 0.00671253 0.00671253
4 25 0.00145706 0.0029141 0.0029141
4 26 -0.00302134 -0.00604262 -0.00604262
4 27 0.00304275 0.00608551 0.00608551
4 28 -0.023017 -0.0460339 -0.0460339
4 29 0.00301934 0.00603868 0.00603868
4 30 -0.00302196 -0.00604391 -0.00604391
4 31 -0.00742566 -0.0148513 -0.0148513
4 32 0.00282842 0.00565685 0.00565685
4 33 -0.0172793 -0.0345585 -0.0345585
4 34 0.00174094 0.00348195 0.00348195
4 35 -0.0171261 -0.0342522 -0.0342522
4 36 0.00280483 0.00560966 0.00560966
5 1 0.00706059 0.0141212 0.0141212
5 2 -0.016203 -0.0324059 -0.0324059
5 3 0.00706603 0.0141321 0.0141321
5 4 -0.0408954 -0.0817908 -0.0817908
5 5 0.16387 0.32774 0.32774
5 6 -0.0409298 -0.0818595 -0.0818595
5 7 -0.000302703 -0.000605408 -0.000605408
5 8 -0.00977857 -0.0195571 -0.0195571
5 9 -0.000297801 -0.000595601 -0.000595601
5 10 -0.0331742 -0.0663484 -0.0663484
5 11 -0.0140635 -0.0281269 -0.0281269
5 12 -0.0331668 -0.0663337 -0.0663337
5 13 0.00240269 0.00480538 0.00480538
5 14 -0.000339108 -0.000678216 -0.000678216
5 15 0.00239142 0.00478283 0.00478283
5 16 0.00218448 0.00436897 0.00436897
5 17 -0.00226009 -0.00452018 -0.00452018
5 18 0.00218534 0.00437068 0.00437068
5 19 -0.000182145 -0.000364289 -0.000364289
5 20 -0.00126751 -0.00253501 -0.00253501
5 21 -0.000169521 -0.000339028 -0.000339028
5 22 -0.00194256 -0.00388512 -0.00388512
5 23 0.000749496 0.00149899 0.00149899
5 24 -0.00190537 -0.00381074 -0.00381074
5 25 -0.000497272 -0.000994547 -0.000994547
5 26 0.00201072 0.00402144 0.00402144
5 27 -0.000492303 -0.000984622 -0.000984622
5 28 0.00131685 0.00263368 0.00263368
5 29 -0.000594513 -0.00118902 -0.00118902
5 30 0.00132659 0.00265315 0.00265315
5 31 0.00284943 0.00569888 0.00569888
5 32 -0.000785938 -0.00157189 -0.00157189
5 33 0.002831 0.00566201 0.00566201
5 34 -0.000335843 -0.000671685 -0.000671685
5 35 0.00168204 0.00336408 0.00336408
5 36 -0.000342801 -0.000685617 -0.000685617
6 1 -0.0408695 -0.081739 -0.081739
6 2 0.00811472 0.0162294 0.0162294
6 3 -0.0162209 -0.0324418 -0.0324418
6 4 0.00808507 0.0161701 0.0161701
6 5 -0.0409298 -0.0818595 -0.0818595
6 6 0.193348 0.386696 0.386696
6 7 0.00976858 0.0195372 0.0195372
6 8 0.00319199 0.00638399 0.00638399
6 9 0.00427651 0.008553 0.008553
6 10 0.00319138 0.00638277 0.00638277
6 11 0.0097132 0.0194264 0.0194264
6 12 -0.0546302 -0.10926 -0.10926
6 13 -0.0140735 -0.0281471 -0.0281471
6 14 0.000414451 0.000828886 0.000828886
6 15 -0.00471529 -0.00943056 -0.00943056
6 16 0.000401302 0.000802601 0.000802601
6 17 -0.0140227 -0.0280454 -0.0280454
6 18 -0.0120262 -0.0240524 -0.0240524
6 19 -0.000545925 -0.00109185 -0.00109185
6 20 0.00337741 0.0067548 0.0067548
6 21 0.00127793 0.00255589 0.00255589
6 22 0.00335474 0.00670948 0.00670948
6 23 -0.000607948 -0.00121591 -0.00121591
6 24 0.00633899 0.012678 0.012678
6 25 0.00306825 0.00613648 0.00613648
6 26 -0.00302517 -0.00605035 -0.00605035
6 27 0.00145573 0.00291146 0.00291146
6 28 -0.0030311 -0.00606218 -0.00606218
6 29 0.00305547 0.00611094 0.00611094
6 30 -0.0231016 -0.0462033 -0.0462033
6 31 -0.0174203 -0.0348406 -0.0348406
6 32 0.00284891 0.0056978 0.0056978
6 33 -0.00742793 -0.0148559 -0.0148559
6 34 0.00281949 0.005639 0.005639
6 35 -0.0172441 -0.0344882 -0.0344882
6 36 0.00179016 0.00358036 0.00358036
7 1 -0.0141356 -0.0282713 -0.0282713
7 2 0.00976593 0.0195318 0.0195318
7 3 -0.000297523 -0.000595047 -0.000595047
7 4 0.00427522 0.00855044 0.00855044
7 5 -0.000302703 -0.000605408 -0.000605408
7 6 0.00976858 0.0195372 0.0195372
7 7 0.162555 0.325111 0.325111
7 8 -0.0217371 -0.0434743 -0.0434743
7 9 0.00671838 0.0134368 0.0134368
7 10 -0.00744088 -0.0148818 -0.0148818
7 11 0.0067133 0.0134266 0.0134266
7 12 -0.0217523 -0.0435047 -0.0435047
7 13 -0.027764 -0.055528 -0.055528
7 14 -0.0333546 -0.0667092 -0.0667092
7 15 0.00256887 0.00513775 0.00513775
7 16 -0.0122143 -0.0244285 -0.0244285
7 17 0.00253417 0.00506836 0.00506836
7 18 -0.0332017 -0.0664033 -0.0664033
7 19 -0.00456292 -0.00912586 -0.00912586
7 20 0.00390859 0.00781718 0.00781718
7 21 0.000756451 0.00151291 0.00151291
7 22 0.0015684 0.0031368 0.0031368
7 23 0.000754694 0.00150937 0.00150937
7 24 0.00392035 0.0078407 0.0078407
7 25 0.00356988 0.00713975 0.00713975
7 26 -0.00852234 -0.0170447 -0.0170447
7 27 0.00102448 0.00204894 0.00204894
7 28 -0.00313868 -0.00627737 -0.00627737
7 29 0.00101801 0.00203604 0.00203604
7 30 -0.00853484 -0.0170697 -0.0170697
7 31 -0.0231255 -0.0462511 -0.0462511
7 32 0.00132851 0.00265705 0.00265705
7 33 -0.00302554 -0.00605104 -0.00605104
7 34 0.00200748 0.00401499 0.00401499
7 35 -0.00300647 -0.006013 -0.006013
7 36 0.00136044 0.00272092 0.00272092
8 1 -0.0331844 -0.0663689 -0.0663689
8 2 -0.0546172 -0.109234 -0.109234
8 3 -0.0331738 -0.0663475 -0.0663475
8 4 0.00318926 0.00637854 0.00637854
8 5 -0.00977857 -0.0195571 -0.0195571
8 6 0.00319199 0.00638399 0.00638399
8 7 -0.0217371 -0.0434743 -0.0434743
8 8 0.157229 0.314459 0.314459
8 9 -0.0217179 -0.0434357 -0.0434357
8 10 0.00492752 0.00985503 0.00985503
8 11 -0.00740034 -0.0148007 -0.0148007
8 12 0.00493234 0.00986468 0.00986468
8 13 0.00273718 0.00547436 0.00547436
8 14 -0.00784258 -0.0156852 -0.0156852
8 15 0.00271404 0.00542807 0.00542807
8 16 0.00174088 0.00348176 0.00348176
8 17 0.000615969 0.00123193 0.00123193
8 18 0.00174946 0.00349892 0.00349892
8 19 -0.000716722 -0.00143344 -0.00143344
8 20 -0.00139115 -0.0027823 -0.0027823
8 21 -0.000683573 -0.00136715 -0.00136715
8 22 -0.000393975 -0.000787947 -0.000787947
8 23 -0.000266187 -0.000532372 -0.000532372
8 24 -0.000408148 -0.000816294 -0.000816294
8 25 -0.000475909 -0.000951814 -0.000951814
8 26 0.00354886 0.00709772 0.00709772
8 27 -0.000471155 -0.000942302 -0.000942302
8 28 0.00101615 0.00203229 0.00203229
8 29 -0.000279818 -0.000559642 -0.000559642
8 30 0.00101713 0.00203424 0.00203424
8 31 0.00305755 0.00611511 0.00611511
8 32 -0.000594399 -0.00118881 -0.00118881
8 33 0.00302217 0.00604431 0.00604431
8 34 -0.000484228 -0.000968447 -0.000968447
8 35 0.00141146 0.00282293 0.00282293
8 36 -0.000484233 -0.000968463 -0.000968463
9 1 -0.000290743 -0.000581483 -0.000581483
9 2 0.00973857 0.0194771 0.0194771
9 3 -0.0141207 -0.0282413 -0.0282413
9 4 0.00975432 0.0195086 0.0195086
9 5 -0.000297801 -0.000595601 -0.000595601
9 6 0.00427651 0.008553 0.008553
9 7 0.00671838 0.0134368 0.0134368
9 8 -0.0217179 -0.0434357 -0.0434357
9 9 0.162561 0.325123 0.325122
9 10 -0.0217394 -0.0434788 -0.0434788
9 11 0.00671563 0.0134312 0.0134312
9 12 -0.00744945 -0.0148989 -0.0148989
9 13 0.00257886 0.00515773 0.00515773
9 14 -0.0333548 -0.0667097 -0.0667097
9 15 -0.0277475 -0.0554949 -0.0554949
9 16 -0.0332509 -0.0665019 -0.0665019
9 17 0.00253324 0.00506649 0.00506649
9 18 -0.0122078 -0.0244155 -0.0244155
9 19 0.000753989 0.00150796 0.00150796
9 20 0.00389935 0.00779869 0.00779869
9 21 -0.00452961 -0.00905923 -0.00905923
9 22 0.00389932 0.00779863 0.00779863
9 23 0.00075991 0.00151981 0.00151981
9 24 0.00156307 0.00312611 0.00312611
9 25 0.00103182 0.00206362 0.00206362
9 26 -0.00852952 -0.017059 -0.017059
9 27 0.00354413 0.00708827 0.00708827
9 28 -0.00853139 -0.0170628 -0.0170628
9 29 0.00101723 0.00203444 0.00203444
9 30 -0.00313892 -0.00627782 -0.00627782
9 31 -0.00303534 -0.00607062 -0.00607062
9 32 0.00131991 0.00263981 0.00263981
9 33 -0.0230489 -0.0460977 -0.0460977
9 34 0.0013303 0.00266058 0.00266058
9 35 -0.00301136 -0.00602269 -0.00602269
9 36 0.0020061 0.00401223 0.00401223
10 1 -0.00976454 -0.0195291 -0.0195291
10 2 0.00318438 0.00636877 0.00636877
10 3 -0.0331868 -0.0663737 -0.0663737
10 4 -0.0546579 -0.109316 -0.109316
10 5 -0.0331742 -0.0663484 -0.0663484
10 6 0.00319138 0.00638277 0.00638277
10 7 -0.00744088 -0.0148818 -0.0148818
10 8 0.00492752 0.00985503 0.00985503
10 9 -0.0217394 -0.0434788 -0.0434788
10 10 0.157241 0.314482 0.314483
10 11 -0.0216823 -0.0433645 -0.0433645
10 12 0.0049295 0.009859 0.009859
10 13 0.000592031 0.00118406 0.00118406
10 14 0.00175024 0.00350047 0.00350047
10 15 0.00271127 0.00542254 0.00542254
10 16 -0.00778143 -0.0155629 -0.0155629
10 17 0.00271057 0.00542115 0.00542115
10 18 0.0017528 0.0035056 0.0035056
10 19 -0.000279481 -0.000558966 -0.000558966
10 20 -0.000373258 -0.00074651 -0.00074651
10 21 -0.000734938 -0.00146987 -0.00146987
10 22 -0.00134757 -0.00269514 -0.00269514
10 23 -0.000704114 -0.00140823 -0.00140823
10 24 -0.000384832 -0.000769661 -0.000769661
10 25 -0.00029089 -0.000581776 -0.000581776
10 26 0.00102212 0.00204422 0.00204422
10 27 -0.000473042 -0.000946086 -0.000946086
10 28 0.00354115 0.00708231 0.00708231
10 29 -0.000471027 -0.000942061 -0.000942061
10 30 0.00102505 0.00205009 0.00205009
10 31 0.00145664 0.00291329 0.00291329
10 32 -0.000492339 -0.000984667 -0.000984667
10 33 0.00304481 0.00608959 0.00608959
10 34 -0.00061206 -0.00122412 -0.00122412
10 35 0.00300229 0.0060046 0.0060046
10 36 -0.000492025 -0.000984056 -0.000984056
11 1 -0.000294514 -0.00058903 -0.00058903
11 2 0.00426479 0.00852956 0.00852956
11 3 -0.000297929 -0.000595856 -0.000595856
11 4 0.00971404 0.0194281 0.0194281
11 5 -0.0140635 -0.0281269 -0.0281269
11 6 0.0097132 0.0194264 0.0194264
11 7 0.0067133 0.0134266 0.0134266
11 8 -0.00740034 -0.0148007 -0.0148007
11 9 0.00671563 0.0134312 0.0134312
11 10 -0.0216823 -0.0433645 -0.0433645
11 11 0.162589 0.325179 0.325179
11 12 -0.0217188 -0.0434375 -0.0434375
11 13 0.00258618 0.00517237 0.00517237
11 14 -0.0122802 -0.0245603 -0.0245603
11 15 0.00258126 0.00516252 0.00516252
11 16 -0.0333433 -0.0666865 -0.0666865
11 17 -0.0277059 -0.0554117 -0.0554117
11 18 -0.0333227 -0.0666455 -0.0666455
11 19 0.000750157 0.00150031 0.00150031
11 20 0.00156615 0.0031323 0.0031323
11 21 0.000760021 0.00152002 0.00152002
11 22 0.00388859 0.00777717 0.00777717
11 23 -0.00454619 -0.00909238 -0.00909238
11 24 0.00388807 0.00777615 0.00777615
11 25 0.00102491 0.00204982 0.00204982
11 26 -0.00313282 -0.00626559 -0.00626559
11 27 0.00102298 0.00204594 0.00204594
11 28 -0.00852765 -0.0170553 -0.0170553
11 29 0.00355183 0.00710367 0.00710367
11 30 -0.00852109 -0.0170422 -0.0170422
11 31 -0.00302722 -0.00605448 -0.00605448
11 32 0.00201074 0.00402148 0.00402148
11 33 -0.00302525 -0.00605042 -0.00605042
11 34 0.00133233 0.0026647 0.0026647
11 35 -0.0231533 -0.0463066 -0.0463066
11 36 0.00136914 0.00273825 0.00273825
12 1 -0.0331724 -0.0663449 -0.0663449
12 2 0.00318279 0.00636558 0.00636558
12 3 -0.00975701 -0.019514 -0.019514
12 4 0.0031861 0.00637221 0.00637221
12 5 -0.0331668 -0.0663337 -0.0663337
12 6 -0.0546302 -0.10926 -0.10926
12 7 -0.0217523 -0.0435047 -0.0435047
12 8 0.00493234 0.00986468 0.00986468
12 9 -0.00744945 -0.0148989 -0.0148989
12 10 0.0049295 0.009859 0.009859
12 11 -0.0217188 -0.0434375 -0.0434375
12 12 0.157249 0.314498 0.314499
12 13 0.00273592 0.00547184 0.00547184
12 14 0.00175188 0.00350377 0.00350377
12 15 0.000591042 0.00118208 0.00118208
12 16 0.00174812 0.00349624 0.00349624
12 17 0.00273053 0.00546106 0.00546106
12 18 -0.00777283 -0.0155457 -0.0155457
12 19 -0.000779171 -0.00155834 -0.00155834
12 20 -0.000379344 -0.000758679 -0.000758679
12 21 -0.000283712 -0.00056745 -0.00056745
12 22 -0.000389772 -0.000779541 -0.000779541
12 23 -0.000731576 -0.00146314 -0.00146314
12 24 -0.00138385 -0.00276769 -0.00276769
12 25 -0.000473831 -0.000947659 -0.000947659
12 26 0.00102358 0.00204717 0.00204717
12 27 -0.000291207 -0.000582416 -0.000582416
12 28 0.00103138 0.00206276 0.00206276
12 29 -0.000476034 -0.000952068 -0.000952068
12 30 0.00356694 0.00713388 0.00713388
12 31 0.00306986 0.00613973 0.00613973
12 32 -0.00049802 -0.000996042 -0.000996042
12 33 0.00145833 0.00291668 0.00291668
12 34 -0.000493006 -0.000986018 -0.000986018
12 35 0.00302516 0.0060503 0.0060503
12 36 -0.000613324 -0.00122666 -0.00122666
13 1 -0.00235306 -0.00470613 -0.00470613
13 2 -0.0140834 -0.0281669 -0.0281669
13 3 0.00239813 0.00479626 0.00479626
13 4 -0.00473085 -0.00946169 -0.00946169
13 5 0.00240269 0.00480538 0.00480538
13 6 -0.0140735 -0.0281471 -0.0281471
13 7 -0.027764 -0.055528 -0.055528
13 8 0.00273718 0.00547436 0.00547436
13 9 0.00257886 0.00515773 0.00515773
13 10 0.000592031 0.00118406 0.00118406
13 11 0.00258618 0.00517237 0.00517237
13 12 0.00273592 0.00547184 0.00547184
13 13 0.160799 0.321598 0.321599
13 14 -0.0330363 -0.0660726 -0.0660726
13 15 0.00658732 0.0131746 0.0131746
13 16 -0.0116211 -0.0232421 -0.0232421
13 17 0.00657573 0.0131515 0.0131515
13 18 -0.0330597 -0.0661193 -0.0661193
13 19 -0.0113944 -0.0227888 -0.0227888
13 20 -0.0238219 -0.0476438 -0.0476438
13 21 0.00158576 0.00317153 0.00317153
13 22 -0.00878824 -0.0175765 -0.0175765
13 23 0.00154912 0.00309826 0.00309826
13 24 -0.0236088 -0.0472177 -0.0472177
13 25 -0.00138422 -0.00276843 -0.00276843
13 26 0.00389219 0.0077844 0.0077844
13 27 -0.000384281 -0.000768497 -0.000768497
13 28 0.00156325 0.0031265 0.0031265
13 29 -0.000409654 -0.000819356 -0.000819356
13 30 0.00392729 0.0078546 0.0078546
13 31 0.00634767 0.0126954 0.0126954
13 32 -0.00190769 -0.00381542 -0.00381542
13 33 0.00336289 0.00672562 0.00672562
13 34 -0.00122058 -0.00244119 -0.00244119
13 35 0.00337956 0.00675918 0.00675918
13 36 -0.00195938 -0.00391874 -0.00391874
14 1 0.00220362 0.00440724 0.00440724
14 2 -0.0119788 -0.0239577 -0.0239577
14 3 0.0021956 0.0043912 0.0043912
14 4 0.000414187 0.000828356 0.000828356
14 5 -0.000339108 -0.000678216 -0.000678216
14 6 0.000414451 0.000828886 0.000828886
14 7 -0.0333546 -0.0667092 -0.0667092
14 8 -0.00784258 -0.0156852 -0.0156852
14 9 -0.0333548 -0.0667097 -0.0667097
14 10 0.00175024 0.00350047 0.00350047
14 11 -0.0122802 -0.0245603 -0.0245603
14 12 0.00175188 0.00350377 0.00350377
14 13 -0.0330363 -0.0660726 -0.0660726
14 14 0.162129 0.324259 0.324259
14 15 -0.0329748 -0.0659495 -0.0659495
14 16 0.00707523 0.0141505 0.0141505
14 17 -0.0114501 -0.0229001 -0.0229001
14 18 0.00707914 0.0141583 0.0141583
14 19 0.00221629 0.0044326 0.0044326
14 20 -0.0114048 -0.0228095 -0.0228095
14 21 0.0021976 0.0043952 0.0043952
14 22 0.00154814 0.00309628 0.00309628
14 23 -0.000133433 -0.000266867 -0.000266867
14 24 0.00155161 0.00310322 0.00310322
14 25 -0.00072917 -0.00145836 -0.00145836
14 26 -0.00455149 -0.009103 -0.009103
14 27 -0.000702964 -0.00140599 -0.00140599
14 28 0.000758258 0.00151652 0.00151652
14 29 -0.000266837 -0.000533683 -0.000533683
14 30 0.00075287 0.00150573 0.00150573
14 31 -0.000615658 -0.00123128 -0.00123128
14 32 0.000751185 0.00150239 0.00150239
14 33 -0.000683767 -0.00136743 -0.00136743
14 34 -0.000147456 -0.000294919 -0.000294919
14 35 0.00120706 0.00241417 0.00241417
14 36 -0.000150001 -0.000300025 -0.000300025
15 1 0.00240945 0.00481889 0.00481889
15 2 -0.0140936 -0.0281872 -0.0281872
15 3 -0.00224904 -0.00449808 -0.00449808
15 4 -0.0140958 -0.0281916 -0.0281916
15 5 0.00239142 0.00478283 0.00478283
15 6 -0.00471529 -0.00943056 -0.00943056
15 7 0.00256887 0.00513775 0.00513775
15 8 0.00271404 0.00542807 0.00542807
15 9 -0.0277475 -0.0554949 -0.0554949
15 10 0.00271127 0.00542254 0.00542254
15 11 0.00258126 0.00516252 0.00516252
15 12 0.000591042 0.00118208 0.00118208
15 13 0.00658732 0.0131746 0.0131746
15 14 -0.0329748 -0.0659495 -0.0659495
15 15 0.160793 0.321586 0.321586
15 16 -0.0330476 -0.0660953 -0.0660953
15 17 0.00657251 0.013145 0.013145
15 18 -0.0116204 -0.0232409 -0.0232409
15 19 0.00158842 0.00317686 0.00317686
15 20 -0.0238385 -0.0476771 -0.0476771
15 21 -0.0113936 -0.0227872 -0.0227872
15 22 -0.0236812 -0.0473624 -0.0473624
15 23 0.00154713 0.00309429 0.00309429
15 24 -0.00879003 -0.01758 -0.01758
15 25 -0.000389169 -0.000778284 -0.000778284
15 26 0.00389311 0.00778616 0.00778616
15 27 -0.00134666 -0.00269331 -0.00269331
15 28 0.00390518 0.00781031 0.00781031
15 29 -0.000394364 -0.000788721 -0.000788721
15 30 0.00156914 0.00313826 0.00313826
15 31 0.00335883 0.00671762 0.00671762
15 32 -0.00194651 -0.00389301 -0.00389301
15 33 0.00636152 0.0127229 0.0127229
15 34 -0.00197186 -0.00394364 -0.00394364
15 35 0.00337758 0.00675522 0.00675522
15 36 -0.00122507 -0.00245014 -0.00245014
16 1 -0.0003319 -0.000663801 -0.000663801
16 2 0.000402079 0.000804152 0.000804152
16 3 0.00219015 0.0043803 0.0043803
16 4 -0.0120057 -0.0240114 -0.0240114
16 5 0.00218448 0.00436897 0.00436897
16 6 0.000401302 0.000802601 0.000802601
16 7 -0.0122143 -0.0244285 -0.0244285
16 8 0.00174088 0.00348176 0.00348176
16 9 -0.0332509 -0.0665019 -0.0665019
16 10 -0.00778143 -0.0155629 -0.0155629
16 11 -0.0333433 -0.0666865 -0.0666865
16 12 0.00174812 0.00349624 0.00349624
16 13 -0.0116211 -0.0232421 -0.0232421
16 14 0.00707523 0.0141505 0.0141505
16 15 -0.0330476 -0.0660953 -0.0660953
16 16 0.162155 0.32431 0.32431
16 17 -0.0329674 -0.0659347 -0.0659347
16 18 0.00707343 0.0141469 0.0141469
16 19 -0.000186491 -0.000372981 -0.000372981
16 20 0.00158971 0.00317943 0.00317943
16 21 0.00220566 0.00441133 0.00441133
16 22 -0.0113835 -0.0227669 -0.0227669
16 23 0.00219578 0.00439153 0.00439153
16 24 0.00158857 0.00317712 0.00317712
16 25 -0.000284097 -0.000568179 -0.000568179
16 26 0.000758479 0.00151697 0.00151697
16 27 -0.000734676 -0.00146937 -0.00146937
16 28 -0.0045356 -0.00907122 -0.00907122
16 29 -0.00068406 -0.00136808 -0.00136808
16 30 0.000754764 0.00150956 0.00150956
16 31 0.00127954 0.00255906 0.00255906
16 32 -0.000168859 -0.000337765 -0.000337765
16 33 -0.000642306 -0.00128453 -0.00128453
16 34 0.000737596 0.00147519 0.00147519
16 35 -0.000725877 -0.00145176 -0.00145176
16 36 -0.000171829 -0.000343692 -0.000343692
17 1 0.00238036 0.00476072 0.00476072
17 2 -0.00473658 -0.00947314 -0.00947314
17 3 0.00237189 0.00474379 0.00474379
17 4 -0.0140473 -0.0280947 -0.0280947
17 5 -0.00226009 -0.00452018 -0.00452018
17 6 -0.0140227 -0.0280454 -0.0280454
17 7 0.00253417 0.00506836 0.00506836
17 8 0.000615969 0.00123193 0.00123193
17 9 0.00253324 0.00506649 0.00506649
17 10 0.00271057 0.00542115 0.00542115
17 11 -0.0277059 -0.0554117 -0.0554117
17 12 0.00273053 0.00546106 0.00546106
17 13 0.00657573 0.0131515 0.0131515
17 14 -0.0114501 -0.0229001 -0.0229001
17 15 0.00657251 0.013145 0.013145
17 16 -0.0329674 -0.0659347 -0.0659347
17 17 0.160777 0.321555 0.321555
17 18 -0.0330272 -0.0660545 -0.0660545
17 19 0.00158959 0.00317917 0.00317917
17 20 -0.00885289 -0.0177058 -0.0177058
17 21 0.00158964 0.00317927 0.00317927
17 22 -0.0238391 -0.0476782 -0.0476782
17 23 -0.0114099 -0.0228198 -0.0228198
17 24 -0.0238268 -0.0476537 -0.0476537
17 25 -0.000380073 -0.000760167 -0.000760167
17 26 0.00156567 0.00313136 0.00313136
17 27 -0.000373266 -0.000746546 -0.000746546
17 28 0.00389908 0.00779817 0.00779817
17 29 -0.00139313 -0.00278629 -0.00278629
17 30 0.00391061 0.00782122 0.00782122
17 31 0.00337861 0.00675724 0.00675724
17 32 -0.00126692 -0.00253381 -0.00253381
17 33 0.00338581 0.00677152 0.00677152
17 34 -0.00202488 -0.00404978 -0.00404978
17 35 0.00648824 0.0129765 0.0129765
17 36 -0.00202545 -0.00405085 -0.00405085
18 1 0.00220954 0.00441909 0.00441909
18 2 0.00039263 0.000785256 0.000785256
18 3 -0.000318914 -0.00063783 -0.00063783
18 4 0.000398519 0.000797039 0.000797039
18 5 0.00218534 0.00437068 0.00437068
18 6 -0.0120262 -0.0240524 -0.0240524
18 7 -0.0332017 -0.0664033 -0.0664033
18 8 0.00174946 0.00349892 0.00349892
18 9 -0.0122078 -0.0244155 -0.0244155
18 10 0.0017528 0.0035056 0.0035056
18 11 -0.0333227 -0.0666455 -0.0666455
18 12 -0.00777283 -0.0155457 -0.0155457
18 13 -0.0330597 -0.0661193 -0.0661193
18 14 0.00707914 0.0141583 0.0141583
18 15 -0.0116204 -0.0232409 -0.0232409
18 16 0.00707343 0.0141469 0.0141469
18 17 -0.0330272 -0.0660545 -0.0660545
18 18 0.162156 0.324311 0.324311
18 19 0.00221846 0.00443692 0.00443692
18 20 0.00159021 0.00318041 0.00318041
18 21 -0.000184107 -0.000368241 -0.000368241
18 22 0.00158847 0.00317696 0.00317696
18 23 0.00221682 0.00443364 0.00443364
18 24 -0.0113847 -0.0227694 -0.0227694
18 25 -0.000778298 -0.00155657 -0.00155657
18 26 0.000747419 0.0014948 0.0014948
18 27 -0.000279125 -0.000558222 -0.000558222
18 28 0.000751358 0.00150273 0.00150273
18 29 -0.000716292 -0.00143256 -0.00143256
18 30 -0.00456586 -0.00913174 -0.00913174
18 31 -0.000556129 -0.00111222 -0.00111222
18 32 -0.000183256 -0.000366516 -0.000366516
18 33 0.00127377 0.00254755 0.00254755
18 34 -0.000166626 -0.000333269 -0.000333269
18 35 -0.000715847 -0.00143169 -0.00143169
18 36 0.000704811 0.00140957 0.00140957
19 1 0.000703667 0.00140733 0.00140733
19 2 -0.00070683 -0.00141367 -0.00141367
19 3 -0.000165996 -0.00033199 -0.00033199
19 4 0.00127454 0.00254906 0.00254906
19 5 -0.000182145 -0.000364289 -0.000364289
19 6 -0.000545925 -0.00109185 -0.00109185
19 7 -0.00456292 -0.00912586 -0.00912586
19 8 -0.000716722 -0.00143344 -0.00143344
19 9 0.000753989 0.00150796 0.00150796
19 10 -0.000279481 -0.000558966 -0.000558966
19 11 0.000750157 0.00150031 0.00150031
19 12 -0.000779171 -0.00155834 -0.00155834
19 13 -0.0113944 -0.0227888 -0.0227888
19 14 0.00221629 0.0044326 0.0044326
19 15 0.00158842 0.00317686 0.00317686
19 16 -0.000186491 -0.000372981 -0.000372981
19 17 0.00158959 0.00317917 0.00317917
19 18 0.00221846 0.00443692 0.00443692
19 19 0.162182 0.324364 0.324364
19 20 -0.0330281 -0.0660562 -0.0660562
19 21 0.00707556 0.0141511 0.0141511
19 22 -0.0116217 -0.0232435 -0.0232435
19 23 0.00708147 0.014163 0.014163
19 24 -0.0330573 -0.0661146 -0.0661146
19 25 -0.00778326 -0.0155666 -0.0155666
19 26 -0.0333284 -0.0666569 -0.0666569
19 27 0.00175558 0.00351117 0.00351117
19 28 -0.0122144 -0.0244289 -0.0244289
19 29 0.00175324 0.00350648 0.00350648
19 30 -0.033218 -0.0664361 -0.0664361
19 31 -0.0120458 -0.0240915 -0.0240915
19 32 0.00218934 0.00437874 0.00437874
19 33 0.000395361 0.000790753 0.000790753
19 34 -0.00031576 -0.000631505 -0.000631505
19 35 0.000389008 0.000778014 0.000778014
19 36 0.00221617 0.00443234 0.00443234
20 1 -0.00202046 -0.00404092 -0.00404092
20 2 0.00647621 0.0129524 0.0129524
20 3 -0.0020204 -0.0040408 -0.0040408
20 4 0.00338198 0.00676394 0.00676394
20 5 -0.00126751 -0.00253501 -0.00253501
20 6 0.00337741 0.0067548 0.0067548
20 7 0.00390859 0.00781718 0.00781718
20 8 -0.00139115 -0.0027823 -0.0027823
20 9 0.00389935 0.00779869 0.00779869
20 10 -0.000373258 -0.00074651 -0.00074651
20 11 0.00156615 0.0031323 0.0031323
20 12 -0.000379344 -0.000758679 -0.000758679
20 13 -0.0238219 -0.0476438 -0.0476438
20 14 -0.0114048 -0.0228095 -0.0228095
20 15 -0.0238385 -0.0476771 -0.0476771
20 16 0.00158971 0.00317943 0.00317943
20 17 -0.00885289 -0.0177058 -0.0177058
20 18 0.00159021 0.00318041 0.00318041
20 19 -0.0330281 -0.0660562 -0.0660562
20 20 0.160767 0.321533 0.321533
20 21 -0.0329644 -0.0659289 -0.0659289
20 22 0.00657415 0.0131483 0.0131483
20 23 -0.0114471 -0.0228941 -0.0228941
20 24 0.00657785 0.0131557 0.0131557
20 25 0.00272905 0.00545805 0.00545805
20 26 -0.0276894 -0.0553787 -0.0553787
20 27 0.00271141 0.00542276 0.00542276
20 28 0.00253479 0.00506961 0.00506961
20 29 0.000614795 0.00122957 0.00122957
20 30 0.00253499 0.00506999 0.00506999
20 31 -0.0140264 -0.0280528 -0.0280528
20 32 -0.00226728 -0.00453454 -0.00453454
20 33 -0.0140534 -0.0281068 -0.0281068
20 34 0.00236996 0.00473994 0.00473994
20 35 -0.00473493 -0.00946981 -0.00946981
20 36 0.00237807 0.00475617 0.00475617
21 1 -0.000172328 -0.000344673 -0.000344673
21 2 -0.00072075 -0.0014415 -0.0014415
21 3 0.000737392 0.00147479 0.00147479
21 4 -0.000635091 -0.00127021 -0.00127021
21 5 -0.000169521 -0.000339028 -0.000339028
21 6 0.00127793 0.00255589 0.00255589
21 7 0.000756451 0.00151291 0.00151291
21 8 -0.000683573 -0.00136715 -0.00136715
21 9 -0.00452961 -0.00905923 -0.00905923
21 10 -0.000734938 -0.00146987 -0.00146987
21 11 0.000760021 0.00152002 0.00152002
21 12 -0.000283712 -0.00056745 -0.00056745
21 13 0.00158576 0.00317153 0.00317153
21 14 0.0021976 0.0043952 0.0043952
21 15 -0.0113936 -0.0227872 -0.0227872
21 16 0.00220566 0.00441133 0.00441133
21 17 0.00158964 0.00317927 0.00317927
21 18 -0.000184107 -0.000368241 -0.000368241
21 19 0.00707556 0.0141511 0.0141511
21 20 -0.0329644 -0.0659289 -0.0659289
21 21 0.162176 0.324352 0.324352
21 22 -0.0330436 -0.0660873 -0.0660873
21 23 0.007076 0.014152 0.014152
21 24 -0.0116216 -0.0232433 -0.0232433
21 25 0.00175185 0.00350369 0.00350369
21 26 -0.0333508 -0.0667016 -0.0667016
21 27 -0.00779629 -0.0155926 -0.0155926
21 28 -0.0332636 -0.0665271 -0.0665271
21 29 0.00174476 0.00348946 0.00348946
21 30 -0.0122233 -0.0244467 -0.0244467
21 31 0.000398562 0.00079711 0.00079711
21 32 0.00218839 0.0043768 0.0043768
21 33 -0.0120162 -0.0240325 -0.0240325
21 34 0.00219684 0.00439366 0.00439366
21 35 0.000399345 0.000798721 0.000798721
21 36 -0.000330594 -0.000661172 -0.000661172
22 1 -0.00122227 -0.00244454 -0.00244454
22 2 0.00337143 0.00674281 0.00674281
22 3 -0.00196262 -0.00392524 -0.00392524
22 4 0.00634891 0.0126978 0.0126978
22 5 -0.00194256 -0.00388512 -0.00388512
22 6 0.00335474 0.00670948 0.00670948
22 7 0.0015684 0.0031368 0.0031368
22 8 -0.000393975 -0.000787947 -0.000787947
22 9 0.00389932 0.00779863 0.00779863
22 10 -0.00134757 -0.00269514 -0.00269514
22 11 0.00388859 0.00777717 0.00777717
22 12 -0.000389772 -0.000779541 -0.000779541
22 13 -0.00878824 -0.0175765 -0.0175765
22 14 0.00154814 0.00309628 0.00309628
22 15 -0.0236812 -0.0473624 -0.0473624
22 16 -0.0113835 -0.0227669 -0.0227669
22 17 -0.0238391 -0.0476782 -0.0476782
22 18 0.00158847 0.00317696 0.00317696
22 19 -0.0116217 -0.0232435 -0.0232435
22 20 0.00657415 0.0131483 0.0131483
22 21 -0.0330436 -0.0660873 -0.0660873
22 22 0.160784 0.321569 0.321569
22 23 -0.0329698 -0.0659397 -0.0659397
22 24 0.00658944 0.0131789 0.0131789
22 25 0.000589629 0.00117929 0.00117929
22 26 0.00258148 0.00516294 0.00516294
22 27 0.00271066 0.00542134 0.00542134
22 28 -0.02773 -0.0554599 -0.0554599
22 29 0.00271414 0.00542825 0.00542825
22 30 0.00256939 0.00513882 0.00513882
22 31 -0.00471263 -0.0094253 -0.0094253
22 32 0.00239088 0.00478175 0.00478175
22 33 -0.0141004 -0.0282007 -0.0282007
22 34 -0.00225632 -0.00451269 -0.00451269
22 35 -0.014094 -0.028188 -0.028188
22 36 0.00240726 0.00481449 0.00481449
23 1 -0.000150296 -0.000300611 -0.000300611
23 2 0.00120336 0.00240673 0.00240673
23 3 -0.000147054 -0.000294093 -0.000294093
23 4 -0.000678933 -0.00135786 -0.00135786
23 5 0.000749496 0.00149899 0.00149899
23 6 -0.000607948 -0.00121591 -0.00121591
23 7 0.000754694 0.00150937 0.00150937
23 8 -0.000266187 -0.000532372 -0.000532372
23 9 0.00075991 0.00151981 0.00151981
23 10 -0.000704114 -0.00140823 -0.00140823
23 11 -0.00454619 -0.00909238 -0.00909238
23 12 -0.000731576 -0.00146314 -0.00146314
23 13 0.00154912 0.00309826 0.00309826
23 14 -0.000133433 -0.000266867 -0.000266867
23 15 0.00154713 0.00309429 0.00309429
23 16 0.00219578 0.00439153 0.00439153
23 17 -0.0114099 -0.0228198 -0.0228198
23 18 0.00221682 0.00443364 0.00443364
23 19 0.00708147 0.014163 0.014163
23 20 -0.0114471 -0.0228941 -0.0228941
23 21 0.007076 0.014152 0.014152
23 22 -0.0329698 -0.0659397 -0.0659397
23 23 0.162144 0.324288 0.324288
23 24 -0.0330316 -0.0660633 -0.0660633
23 25 0.0017551 0.00351021 0.00351021
23 26 -0.0122818 -0.0245636 -0.0245636
23 27 0.00175323 0.00350645 0.00350645
23 28 -0.0333637 -0.0667275 -0.0667275
23 29 -0.00785246 -0.0157049 -0.0157049
23 30 -0.0333649 -0.0667297 -0.0667297
23 31 0.000410912 0.000821846 0.000821846
23 32 -0.000337657 -0.000675305 -0.000675305
23 33 0.000411603 0.000823221 0.000823221
23 34 0.00219839 0.00439683 0.00439683
23 35 -0.0119891 -0.0239783 -0.0239783
23 36 0.00220675 0.00441349 0.00441349
24 1 -0.00195483 -0.00390965 -0.00390965
24 2 0.00337247 0.00674492 0.00674492
24 3 -0.00121769 -0.00243538 -0.00243538
24 4 0.00335626 0.00671253 0.00671253
24 5 -0.00190537 -0.00381074 -0.00381074
24 6 0.00633899 0.012678 0.012678
24 7 0.00392035 0.0078407 0.0078407
24 8 -0.000408148 -0.000816294 -0.000816294
24 9 0.00156307 0.00312611 0.00312611
24 10 -0.000384832 -0.000769661 -0.000769661
24 11 0.00388807 0.00777615 0.00777615
24 12 -0.00138385 -0.00276769 -0.00276769
24 13 -0.0236088 -0.0472177 -0.0472177
24 14 0.00155161 0.00310322 0.00310322
24 15 -0.00879003 -0.01758 -0.01758
24 16 0.00158857 0.00317712 0.00317712
24 17 -0.0238268 -0.0476537 -0.0476537
24 18 -0.0113847 -0.0227694 -0.0227694
24 19 -0.0330573 -0.0661146 -0.0661146
24 20 0.00657785 0.0131557 0.0131557
24 21 -0.0116216 -0.0232433 -0.0232433
24 22 0.00658944 0.0131789 0.0131789
24 23 -0.0330316 -0.0660633 -0.0660633
24 24 0.160791 0.321583 0.321583
24 25 0.00273605 0.00547208 0.00547208
24 26 0.00258579 0.00517159 0.00517159
24 27 0.000592336 0.00118467 0.00118467
24 28 0.00257932 0.00515863 0.00515863
24 29 0.00273782 0.00547564 0.00547564
24 30 -0.0277485 -0.0554971 -0.0554971
24 31 -0.0140715 -0.028143 -0.028143
24 32 0.00240178 0.00480355 0.00480355
24 33 -0.00473093 -0.00946181 -0.00946181
24 34 0.002397 0.00479401 0.00479401
24 35 -0.0140847 -0.0281695 -0.0281695
24 36 -0.00235676 -0.00471351 -0.00471351
25 1 -0.00061293 -0.00122587 -0.00122587
25 2 0.00302218 0.00604439 0.00604439
25 3 -0.000492049 -0.000984107 -0.000984107
25 4 0.00145706 0.0029141 0.0029141
25 5 -0.000497272 -0.000994547 -0.000994547
25 6 0.00306825 0.00613648 0.00613648
25 7 0.00356988 0.00713975 0.00713975
25 8 -0.000475909 -0.000951814 -0.000951814
25 9 0.00103182 0.00206362 0.00206362
25 10 -0.00029089 -0.000581776 -0.000581776
25 11 0.00102491 0.00204982 0.00204982
25 12 -0.000473831 -0.000947659 -0.000947659
25 13 -0.00138422 -0.00276843 -0.00276843
25 14 -0.00072917 -0.00145836 -0.00145836
25 15 -0.000389169 -0.000778284 -0.000778284
25 16 -0.000284097 -0.000568179 -0.000568179
25 17 -0.000380073 -0.000760167 -0.000760167
25 18 -0.000778298 -0.00155657 -0.00155657
25 19 -0.00778326 -0.0155666 -0.0155666
25 20 0.00272905 0.00545805 0.00545805
25 21 0.00175185 0.00350369 0.00350369
25 22 0.000589629 0.00117929 0.00117929
25 23 0.0017551 0.00351021 0.00351021
25 24 0.00273605 0.00547208 0.00547208
25 25 0.15727 0.314541 0.314541
25 26 -0.0217309 -0.0434619 -0.0434619
25 27 0.00493288 0.00986575 0.00986575
25 28 -0.00745432 -0.0149086 -0.0149086
25 29 0.00493547 0.00987095 0.00987095
25 30 -0.0217589 -0.0435177 -0.0435177
25 31 -0.054602 -0.109204 -0.109204
25 32 -0.0331761 -0.0663522 -0.0663522
25 33 0.0031855 0.00637103 0.00637103
25 34 -0.0097656 -0.0195312 -0.0195312
25 35 0.00318226 0.00636452 0.00636452
25 36 -0.0331833 -0.0663667 -0.0663667
26 1 0.00136808 0.00273617 0.00273617
26 2 -0.02312 -0.0462399 -0.0462399
26 3 0.00132976 0.00265952 0.00265952
26 4 -0.00302134 -0.00604262 -0.00604262
26 5 0.00201072 0.00402144 0.00402144
26 6 -0.00302517 -0.00605035 -0.00605035
26 7 -0.00852234 -0.0170447 -0.0170447
26 8 0.00354886 0.00709772 0.00709772
26 9 -0.00852952 -0.017059 -0.017059
26 10 0.00102212 0.00204422 0.00204422
26 11 -0.00313282 -0.00626559 -0.00626559
26 12 0.00102358 0.00204717 0.00204717
26 13 0.00389219 0.0077844 0.0077844
26 14 -0.00455149 -0.009103 -0.009103
26 15 0.00389311 0.00778616 0.00778616
26 16 0.000758479 0.00151697 0.00151697
26 17 0.00156567 0.00313136 0.00313136
26 18 0.000747419 0.0014948 0.0014948
26 19 -0.0333284 -0.0666569 -0.0666569
26 20 -0.0276894 -0.0553787 -0.0553787
26 21 -0.0333508 -0.0667016 -0.0667016
26 22 0.00258148 0.00516294 0.00516294
26 23 -0.0122818 -0.0245636 -0.0245636
26 24 0.00258579 0.00517159 0.00517159
26 25 -0.0217309 -0.0434619 -0.0434619
26 26 0.162588 0.325177 0.325177
26 27 -0.021692 -0.0433839 -0.0433839
26 28 0.00671765 0.0134353 0.0134353
26 29 -0.0074066 -0.0148132 -0.0148132
26 30 0.00671607 0.0134321 0.0134321
26 31 0.00971583 0.0194316 0.0194316
26 32 -0.0140708 -0.0281417 -0.0281417
26 33 0.0097161 0.0194322 0.0194322
26 34 -0.000298077 -0.000596166 -0.000596166
26 35 0.00426484 0.00852969 0.00852969
26 36 -0.000294646 -0.000589302 -0.000589302
27 1 -0.000491873 -0.000983767 -0.000983767
27 2 0.003 0.00599998 0.00599998
27 3 -0.000610667 -0.00122134 -0.00122134
27 4 0.00304275 0.00608551 0.00608551
27 5 -0.000492303 -0.000984622 -0.000984622
27 6 0.00145573 0.00291146 0.00291146
27 7 0.00102448 0.00204894 0.00204894
27 8 -0.000471155 -0.000942302 -0.000942302
27 9 0.00354413 0.00708827 0.00708827
27 10 -0.000473042 -0.000946086 -0.000946086
27 11 0.00102298 0.00204594 0.00204594
27 12 -0.000291207 -0.000582416 -0.000582416
27 13 -0.000384281 -0.000768497 -0.000768497
27 14 -0.000702964 -0.00140599 -0.00140599
27 15 -0.00134666 -0.00269331 -0.00269331
27 16 -0.000734676 -0.00146937 -0.00146937
27 17 -0.000373266 -0.000746546 -0.000746546
27 18 -0.000279125 -0.000558222 -0.000558222
27 19 0.00175558 0.00351117 0.00351117
27 20 0.00271141 0.00542276 0.00542276
27 21 -0.00779629 -0.0155926 -0.0155926
27 22 0.00271066 0.00542134 0.00542134
27 23 0.00175323 0.00350645 0.00350645
27 24 0.000592336 0.00118467 0.00118467
27 25 0.00493288 0.00986575 0.00986575
27 26 -0.021692 -0.0433839 -0.0433839
27 27 0.157255 0.314511 0.314511
27 28 -0.0217473 -0.0434945 -0.0434945
27 29 0.00493052 0.00986105 0.00986105
27 30 -0.00744459 -0.0148892 -0.0148892
27 31 0.00319051 0.00638106 0.00638106
27 32 -0.0331819 -0.0663638 -0.0663638
27 33 -0.0546273 -0.109255 -0.109255
27 34 -0.0331935 -0.0663869 -0.0663869
27 35 0.00318365 0.00636731 0.00636731
27 36 -0.00977219 -0.0195444 -0.0195444
28 1 0.00200488 0.00400977 0.00400977
28 2 -0.00300669 -0.00601338 -0.00601338
28 3 0.0013252 0.00265037 0.00265037
28 4 -0.023017 -0.0460339 -0.0460339
28 5 0.00131685 0.00263368 0.00263368
28 6 -0.0030311 -0.00606218 -0.00606218
28 7 -0.00313868 -0.00627737 -0.00627737
28 8 0.00101615 0.00203229 0.00203229
28 9 -0.00853139 -0.0170628 -0.0170628
28 10 0.00354115 0.00708231 0.00708231
28 11 -0.00852765 -0.0170553 -0.0170553
28 12 0.00103138 0.00206276 0.00206276
28 13 0.00156325 0.0031265 0.0031265
28 14 0.000758258 0.00151652 0.00151652
28 15 0.00390518 0.00781031 0.00781031
28 16 -0.0045356 -0.00907122 -0.00907122
28 17 0.00389908 0.00779817 0.00779817
28 18 0.000751358 0.00150273 0.00150273
28 19 -0.0122144 -0.0244289 -0.0244289
28 20 0.00253479 0.00506961 0.00506961
28 21 -0.0332636 -0.0665271 -0.0665271
28 22 -0.02773 -0.0554599 -0.0554599
28 23 -0.0333637 -0.0667275 -0.0667275
28 24 0.00257932 0.00515863 0.00515863
28 25 -0.00745432 -0.0149086 -0.0149086
28 26 0.00671765 0.0134353 0.0134353
28 27 -0.0217473 -0.0434945 -0.0434945
28 28 0.16257 0.32514 0.32514
28 29 -0.0217272 -0.0434544 -0.0434544
28 30 0.00672106 0.0134421 0.0134421
28 31 0.00427486 0.00854971 0.00854971
28 32 -0.000297383 -0.000594757 -0.000594757
28 33 0.00975393 0.0195078 0.0195078
28 34 -0.0141275 -0.0282551 -0.0282551
28 35 0.00973916 0.0194783 0.0194783
28 36 -0.000290101 -0.000580193 -0.000580193
29 1 -0.000484031 -0.000968072 -0.000968072
29 2 0.00141318 0.00282639 0.00282639
29 3 -0.000484048 -0.000968092 -0.000968092
29 4 0.00301934 0.00603868 0.00603868
29 5 -0.000594513 -0.00118902 -0.00118902
29 6 0.00305547 0.00611094 0.00611094
29 7 0.00101801 0.00203604 0.00203604
29 8 -0.000279818 -0.000559642 -0.000559642
29 9 0.00101723 0.00203444 0.00203444
29 10 -0.000471027 -0.000942061 -0.000942061
29 11 0.00355183 0.00710367 0.00710367
29 12 -0.000476034 -0.000952068 -0.000952068
29 13 -0.000409654 -0.000819356 -0.000819356
29 14 -0.000266837 -0.000533683 -0.000533683
29 15 -0.000394364 -0.000788721 -0.000788721
29 16 -0.00068406 -0.00136808 -0.00136808
29 17 -0.00139313 -0.00278629 -0.00278629
29 18 -0.000716292 -0.00143256 -0.00143256
29 19 0.00175324 0.00350648 0.00350648
29 20 0.000614795 0.00122957 0.00122957
29 21 0.00174476 0.00348946 0.00348946
29 22 0.00271414 0.00542825 0.00542825
29 23 -0.00785246 -0.0157049 -0.0157049
29 24 0.00273782 0.00547564 0.00547564
29 25 0.00493547 0.00987095 0.00987095
29 26 -0.0074066 -0.0148132 -0.0148132
29 27 0.00493052 0.00986105 0.00986105
29 28 -0.0217272 -0.0434544 -0.0434544
29 29 0.157243 0.314486 0.314486
29 30 -0.021746 -0.043492 -0.043492
29 31 0.0031902 0.0063804 0.0063804
29 32 -0.009783 -0.019566 -0.019566
29 33 0.0031872 0.00637443 0.00637443
29 34 -0.0331794 -0.0663587 -0.0663587
29 35 -0.0545861 -0.109172 -0.109172
29 36 -0.0331917 -0.0663833 -0.0663833
30 1 0.00135694 0.00271388 0.00271388
30 2 -0.00300237 -0.00600466 -0.00600466
30 3 0.00200603 0.00401207 0.00401207
30 4 -0.00302196 -0.00604391 -0.00604391
30 5 0.00132659 0.00265315 0.00265315
30 6 -0.0231016 -0.0462033 -0.0462033
30 7 -0.00853484 -0.0170697 -0.0170697
30 8 0.00101713 0.00203424 0.00203424
30 9 -0.00313892 -0.00627782 -0.00627782
30 10 0.00102505 0.00205009 0.00205009
30 11 -0.00852109 -0.0170422 -0.0170422
30 12 0.00356694 0.00713388 0.00713388
30 13 0.00392729 0.0078546 0.0078546
30 14 0.00075287 0.00150573 0.00150573
30 15 0.00156914 0.00313826 0.00313826
30 16 0.000754764 0.00150956 0.00150956
30 17 0.00391061 0.00782122 0.00782122
30 18 -0.00456586 -0.00913174 -0.00913174
30 19 -0.033218 -0.0664361 -0.0664361
30 20 0.00253499 0.00506999 0.00506999
30 21 -0.0122233 -0.0244467 -0.0244467
30 22 0.00256939 0.00513882 0.00513882
30 23 -0.0333649 -0.0667297 -0.0667297
30 24 -0.0277485 -0.0554971 -0.0554971
30 25 -0.0217589 -0.0435177 -0.0435177
30 26 0.00671607 0.0134321 0.0134321
30 27 -0.00744459 -0.0148892 -0.0148892
30 28 0.00672106 0.0134421 0.0134421
30 29 -0.021746 -0.043492 -0.043492
30 30 0.162569 0.325138 0.325139
30 31 0.00976884 0.0195377 0.0195377
30 32 -0.000302157 -0.00060432 -0.00060432
30 33 0.00427372 0.00854743 0.00854743
30 34 -0.000297314 -0.000594635 -0.000594635
30 35 0.00976631 0.0195326 0.0195326
30 36 -0.0141425 -0.0282851 -0.0282851
31 1 0.0017874 0.00357482 0.00357482
31 2 -0.0172387 -0.0344775 -0.0344775
31 3 0.00281852 0.00563705 0.00563705
31 4 -0.00742566 -0.0148513 -0.0148513
31 5 0.00284943 0.00569888 0.00569888
31 6 -0.0174203 -0.0348406 -0.0348406
31 7 -0.0231255 -0.0462511 -0.0462511
31 8 0.00305755 0.00611511 0.00611511
31 9 -0.00303534 -0.00607062 -0.00607062
31 10 0.00145664 0.00291329 0.00291329
31 11 -0.00302722 -0.00605448 -0.00605448
31 12 0.00306986 0.00613973 0.00613973
31 13 0.00634767 0.0126954 0.0126954
31 14 -0.000615658 -0.00123128 -0.00123128
31 15 0.00335883 0.00671762 0.00671762
31 16 0.00127954 0.00255906 0.00255906
31 17 0.00337861 0.00675724 0.00675724
31 18 -0.000556129 -0.00111222 -0.00111222
31 19 -0.0120458 -0.0240915 -0.0240915
31 20 -0.0140264 -0.0280528 -0.0280528
31 21 0.000398562 0.00079711 0.00079711
31 22 -0.00471263 -0.0094253 -0.0094253
31 23 0.000410912 0.000821846 0.000821846
31 24 -0.0140715 -0.028143 -0.028143
31 25 -0.054602 -0.109204 -0.109204
31 26 0.00971583 0.0194316 0.0194316
31 27 0.00319051 0.00638106 0.00638106
31 28 0.00427486 0.00854971 0.00854971
31 29 0.0031902 0.0063804 0.0063804
31 30 0.00976884 0.0195377 0.0195377
31 31 0.193374 0.386747 0.386747
31 32 -0.0409269 -0.081854 -0.081854
31 33 0.00808186 0.0161636 0.0161636
31 34 -0.0162206 -0.0324412 -0.0324412
31 35 0.00811083 0.0162217 0.0162217
31 36 -0.0408695 -0.081739 -0.081739
32 1 -0.000342672 -0.000685346 -0.000685346
32 2 0.00168401 0.00336809 0.00336809
32 3 -0.000335495 -0.000671009 -0.000671009
32 4 0.00282842 0.00565685 0.00565685
32 5 -0.000785938 -0.00157189 -0.00157189
32 6 0.00284891 0.0056978 0.0056978
32 7 0.00132851 0.00265705 0.00265705
32 8 -0.000594399 -0.00118881 -0.00118881
32 9 0.00131991 0.00263981 0.00263981
32 10 -0.000492339 -0.000984667 -0.000984667
32 11 0.00201074 0.00402148 0.00402148
32 12 -0.00049802 -0.000996042 -0.000996042
32 13 -0.00190769 -0.00381542 -0.00381542
32 14 0.000751185 0.00150239 0.00150239
32 15 -0.00194651 -0.00389301 -0.00389301
32 16 -0.000168859 -0.000337765 -0.000337765
32 17 -0.00126692 -0.00253381 -0.00253381
32 18 -0.000183256 -0.000366516 -0.000366516
32 19 0.00218934 0.00437874 0.00437874
32 20 -0.00226728 -0.00453454 -0.00453454
32 21 0.00218839 0.0043768 0.0043768
32 22 0.00239088 0.00478175 0.00478175
32 23 -0.000337657 -0.000675305 -0.000675305
32 24 0.00240178 0.00480355 0.00480355
32 25 -0.0331761 -0.0663522 -0.0663522
32 26 -0.0140708 -0.0281417 -0.0281417
32 27 -0.0331819 -0.0663638 -0.0663638
32 28 -0.000297383 -0.000594757 -0.000594757
32 29 -0.009783 -0.019566 -0.019566
32 30 -0.000302157 -0.00060432 -0.00060432
32 31 -0.0409269 -0.081854 -0.081854
32 32 0.163887 0.327774 0.327774
32 33 -0.0408921 -0.0817842 -0.0817842
32 34 0.00706853 0.0141371 0.0141371
32 35 -0.0162036 -0.0324073 -0.0324073
32 36 0.00706347 0.0141269 0.0141269
33 1 0.00280683 0.00561366 0.00561366
33 2 -0.0171248 -0.0342494 -0.0342494
33 3 0.00173505 0.00347011 0.00347011
33 4 -0.0172793 -0.0345585 -0.0345585
33 5 0.002831 0.00566201 0.00566201
33 6 -0.00742793 -0.0148559 -0.0148559
33 7 -0.00302554 -0.00605104 -0.00605104
33 8 0.00302217 0.00604431 0.00604431
33 9 -0.0230489 -0.0460977 -0.0460977
33 10 0.00304481 0.00608959 0.00608959
33 11 -0.00302525 -0.00605042 -0.00605042
33 12 0.00145833 0.00291668 0.00291668
33 13 0.00336289 0.00672562 0.00672562
33 14 -0.000683767 -0.00136743 -0.00136743
33 15 0.00636152 0.0127229 0.0127229
33 16 -0.000642306 -0.00128453 -0.00128453
33 17 0.00338581 0.00677152 0.00677152
33 18 0.00127377 0.00254755 0.00254755
33 19 0.000395361 0.000790753 0.000790753
33 20 -0.0140534 -0.0281068 -0.0281068
33 21 -0.0120162 -0.0240325 -0.0240325
33 22 -0.0141004 -0.0282007 -0.0282007
33 23 0.000411603 0.000823221 0.000823221
33 24 -0.00473093 -0.00946181 -0.00946181
33 25 0.0031855 0.00637103 0.00637103
33 26 0.0097161 0.0194322 0.0194322
33 27 -0.0546273 -0.109255 -0.109255
33 28 0.00975393 0.0195078 0.0195078
33 29 0.0031872 0.00637443 0.00637443
33 30 0.00427372 0.00854743 0.00854743
33 31 0.00808186 0.0161636 0.0161636
33 32 -0.0408921 -0.0817842 -0.0817842
33 33 0.193373 0.386746 0.386747
33 34 -0.0408675 -0.0817351 -0.0817351
33 35 0.00807829 0.0161565 0.0161565
33 36 -0.0161934 -0.0323869 -0.0323869
34 1 -0.000770307 -0.00154061 -0.00154061
34 2 0.00280199 0.00560393 0.00560393
34 3 -0.000340095 -0.000680204 -0.000680204
34 4 0.00174094 0.00348195 0.00348195
34 5 -0.000335843 -0.000671685 -0.000671685
34 6 0.00281949 0.005639 0.005639
34 7 0.00200748 0.00401499 0.00401499
34 8 -0.000484228 -0.000968447 -0.000968447
34 9 0.0013303 0.00266058 0.00266058
34 10 -0.00061206 -0.00122412 -0.00122412
34 11 0.00133233 0.0026647 0.0026647
34 12 -0.000493006 -0.000986018 -0.000986018
34 13 -0.00122058 -0.00244119 -0.00244119
34 14 -0.000147456 -0.000294919 -0.000294919
34 15 -0.00197186 -0.00394364 -0.00394364
34 16 0.000737596 0.00147519 0.00147519
34 17 -0.00202488 -0.00404978 -0.00404978
34 18 -0.000166626 -0.000333269 -0.000333269
34 19 -0.00031576 -0.000631505 -0.000631505
34 20 0.00236996 0.00473994 0.00473994
34 21 0.00219684 0.00439366 0.00439366
34 22 -0.00225632 -0.00451269 -0.00451269
34 23 0.00219839 0.00439683 0.00439683
34 24 0.002397 0.00479401 0.00479401
34 25 -0.0097656 -0.0195312 -0.0195312
34 26 -0.000298077 -0.000596166 -0.000596166
34 27 -0.0331935 -0.0663869 -0.0663869
34 28 -0.0141275 -0.0282551 -0.0282551
34 29 -0.0331794 -0.0663587 -0.0663587
34 30 -0.000297314 -0.000594635 -0.000594635
34 31 -0.0162206 -0.0324412 -0.0324412
34 32 0.00706853 0.0141371 0.0141371
34 33 -0.0408675 -0.0817351 -0.0817351
34 34 0.163876 0.327751 0.327751
34 35 -0.0408543 -0.0817086 -0.0817086
34 36 0.00706629 0.0141326 0.0141326
35 1 0.00278942 0.00557887 0.00557887
35 2 -0.00731924 -0.0146385 -0.0146385
35 3 0.00280239 0.00560477 0.00560477
35 4 -0.0171261 -0.0342522 -0.0342522
35 5 0.00168204 0.00336408 0.00336408
35 6 -0.0172441 -0.0344882 -0.0344882
35 7 -0.00300647 -0.006013 -0.006013
35 8 0.00141146 0.00282293 0.00282293
35 9 -0.00301136 -0.00602269 -0.00602269
35 10 0.00300229 0.0060046 0.0060046
35 11 -0.0231533 -0.0463066 -0.0463066
35 12 0.00302516 0.0060503 0.0060503
35 13 0.00337956 0.00675918 0.00675918
35 14 0.00120706 0.00241417 0.00241417
35 15 0.00337758 0.00675522 0.00675522
35 16 -0.000725877 -0.00145176 -0.00145176
35 17 0.00648824 0.0129765 0.0129765
35 18 -0.000715847 -0.00143169 -0.00143169
35 19 0.000389008 0.000778014 0.000778014
35 20 -0.00473493 -0.00946981 -0.00946981
35 21 0.000399345 0.000798721 0.000798721
35 22 -0.014094 -0.028188 -0.028188
35 23 -0.0119891 -0.0239783 -0.0239783
35 24 -0.0140847 -0.0281695 -0.0281695
35 25 0.00318226 0.00636452 0.00636452
35 26 0.00426484 0.00852969 0.00852969
35 27 0.00318365 0.00636731 0.00636731
35 28 0.00973916 0.0194783 0.0194783
35 29 -0.0545861 -0.109172 -0.109172
35 30 0.00976631 0.0195326 0.0195326
35 31 0.00811083 0.0162217 0.0162217
35 32 -0.0162036 -0.0324073 -0.0324073
35 33 0.00807829 0.0161565 0.0161565
35 34 -0.0408543 -0.0817086 -0.0817086
35 35 0.193397 0.386794 0.386795
35 36 -0.0408273 -0.0816545 -0.0816545
36 1 -0.000347797 -0.000695597 -0.000695597
36 2 0.00278929 0.00557857 0.00557857
36 3 -0.000769607 -0.00153922 -0.00153922
36 4 0.00280483 0.00560966 0.00560966
36 5 -0.000342801 -0.000685617 -0.000685617
36 6 0.00179016 0.00358036 0.00358036
36 7 0.00136044 0.00272092 0.00272092
36 8 -0.000484233 -0.000968463 -0.000968463
36 9 0.0020061 0.00401223 0.00401223
36 10 -0.000492025 -0.000984056 -0.000984056
36 11 0.00136914 0.00273825 0.00273825
36 12 -0.000613324 -0.00122666 -0.00122666
36 13 -0.00195938 -0.00391874 -0.00391874
36 14 -0.000150001 -0.000300025 -0.000300025
36 15 -0.00122507 -0.00245014 -0.00245014
36 16 -0.000171829 -0.000343692 -0.000343692
36 17 -0.00202545 -0.00405085 -0.00405085
36 18 0.000704811 0.00140957 0.00140957
36 19 0.00221617 0.00443234 0.00443234
36 20 0.00237807 0.00475617 0.00475617
36 21 -0.000330594 -0.000661172 -0.000661172
36 22 0.00240726 0.00481449 0.00481449
36 23 0.00220675 0.00441349 0.00441349
36 24 -0.00235676 -0.00471351 -0.00471351
36 25 -0.0331833 -0.0663667 -0.0663667
36 26 -0.000294646 -0.000589302 -0.000589302
36 27 -0.00977219 -0.0195444 -0.0195444
36 28 -0.000290101 -0.000580193 -0.000580193
36 29 -0.0331917 -0.0663833 -0.0663833
36 30 -0.0141425 -0.0282851 -0.0282851
36 31 -0.0408695 -0.081739 -0.081739
36 32 0.00706347 0.0141269 0.0141269
36 33 -0.0161934 -0.0323869 -0.0323869
36 34 0.00706629 0.0141326 0.0141326
36 35 -0.0408273 -0.0816545 -0.0816545
36 36 0.163871 0.327742 0.327741
